 1.00000000e+00  4.19111258e+01  1.00000000e+00 -2.22273773e-06 
 1.02329299e+00  4.19111258e+01  1.02329299e+00 -2.27451194e-06 
 1.04712855e+00  4.19111258e+01  1.04712855e+00 -2.32749213e-06 
 1.07151931e+00  4.19111258e+01  1.07151931e+00 -2.38170638e-06 
 1.09647820e+00  4.19111258e+01  1.09647820e+00 -2.43718345e-06 
 1.12201845e+00  4.19111258e+01  1.12201845e+00 -2.49395275e-06 
 1.14815362e+00  4.19111258e+01  1.14815362e+00 -2.55204437e-06 
 1.17489755e+00  4.19111258e+01  1.17489755e+00 -2.61148912e-06 
 1.20226443e+00  4.19111258e+01  1.20226443e+00 -2.67231852e-06 
 1.23026877e+00  4.19111258e+01  1.23026877e+00 -2.73456481e-06 
 1.25892541e+00  4.19111258e+01  1.25892541e+00 -2.79826101e-06 
 1.28824955e+00  4.19111258e+01  1.28824955e+00 -2.86344088e-06 
 1.31825674e+00  4.19111258e+01  1.31825674e+00 -2.93013899e-06 
 1.34896288e+00  4.19111258e+01  1.34896288e+00 -2.99839069e-06 
 1.38038426e+00  4.19111258e+01  1.38038426e+00 -3.06823218e-06 
 1.41253754e+00  4.19111258e+01  1.41253754e+00 -3.13970049e-06 
 1.44543977e+00  4.19111258e+01  1.44543977e+00 -3.21283351e-06 
 1.47910839e+00  4.19111258e+01  1.47910839e+00 -3.28767001e-06 
 1.51356125e+00  4.19111258e+01  1.51356125e+00 -3.36424969e-06 
 1.54881662e+00  4.19111258e+01  1.54881662e+00 -3.44261313e-06 
 1.58489319e+00  4.19111258e+01  1.58489319e+00 -3.52280189e-06 
 1.62181010e+00  4.19111258e+01  1.62181010e+00 -3.60485849e-06 
 1.65958691e+00  4.19111258e+01  1.65958691e+00 -3.68882643e-06 
 1.69824365e+00  4.19111258e+01  1.69824365e+00 -3.77475023e-06 
 1.73780083e+00  4.19111258e+01  1.73780083e+00 -3.86267546e-06 
 1.77827941e+00  4.19111258e+01  1.77827941e+00 -3.95264873e-06 
 1.81970086e+00  4.19111258e+01  1.81970086e+00 -4.04471775e-06 
 1.86208714e+00  4.19111258e+01  1.86208714e+00 -4.13893133e-06 
 1.90546072e+00  4.19111258e+01  1.90546072e+00 -4.23533942e-06 
 1.94984460e+00  4.19111258e+01  1.94984460e+00 -4.33399315e-06 
 1.99526231e+00  4.19111258e+01  1.99526231e+00 -4.43494482e-06 
 2.04173794e+00  4.19111258e+01  2.04173794e+00 -4.53824796e-06 
 2.08929613e+00  4.19111258e+01  2.08929613e+00 -4.64395733e-06 
 2.13796209e+00  4.19111258e+01  2.13796209e+00 -4.75212899e-06 
 2.18776162e+00  4.19111258e+01  2.18776162e+00 -4.86282030e-06 
 2.23872114e+00  4.19111258e+01  2.23872114e+00 -4.97608993e-06 
 2.29086765e+00  4.19111258e+01  2.29086765e+00 -5.09199796e-06 
 2.34422882e+00  4.19111258e+01  2.34422882e+00 -5.21060583e-06 
 2.39883292e+00  4.19111258e+01  2.39883292e+00 -5.33197643e-06 
 2.45470892e+00  4.19111258e+01  2.45470892e+00 -5.45617411e-06 
 2.51188643e+00  4.19111258e+01  2.51188643e+00 -5.58326473e-06 
 2.57039578e+00  4.19111258e+01  2.57039578e+00 -5.71331568e-06 
 2.63026799e+00  4.19111258e+01  2.63026799e+00 -5.84639589e-06 
 2.69153480e+00  4.19111258e+01  2.69153480e+00 -5.98257595e-06 
 2.75422870e+00  4.19111258e+01  2.75422870e+00 -6.12192804e-06 
 2.81838293e+00  4.19111258e+01  2.81838293e+00 -6.26452607e-06 
 2.88403150e+00  4.19111258e+01  2.88403150e+00 -6.41044562e-06 
 2.95120923e+00  4.19111258e+01  2.95120923e+00 -6.55976408e-06 
 3.01995172e+00  4.19111258e+01  3.01995172e+00 -6.71256062e-06 
 3.09029543e+00  4.19111258e+01  3.09029543e+00 -6.86891624e-06 
 3.16227766e+00  4.19111258e+01  3.16227766e+00 -7.02891385e-06 
 3.23593657e+00  4.19111258e+01  3.23593657e+00 -7.19263829e-06 
 3.31131121e+00  4.19111258e+01  3.31131121e+00 -7.36017636e-06 
 3.38844156e+00  4.19111258e+01  3.38844156e+00 -7.53161689e-06 
 3.46736850e+00  4.19111258e+01  3.46736850e+00 -7.70705078e-06 
 3.54813389e+00  4.19111258e+01  3.54813389e+00 -7.88657106e-06 
 3.63078055e+00  4.19111258e+01  3.63078055e+00 -8.07027290e-06 
 3.71535229e+00  4.19111258e+01  3.71535229e+00 -8.25825370e-06 
 3.80189396e+00  4.19111258e+01  3.80189396e+00 -8.45061314e-06 
 3.89045145e+00  4.19111258e+01  3.89045145e+00 -8.64745321e-06 
 3.98107171e+00  4.19111258e+01  3.98107171e+00 -8.84887827e-06 
 4.07380278e+00  4.19111258e+01  4.07380278e+00 -9.05499512e-06 
 4.16869383e+00  4.19111258e+01  4.16869383e+00 -9.26591305e-06 
 4.26579519e+00  4.19111258e+01  4.26579519e+00 -9.48174389e-06 
 4.36515832e+00  4.19111258e+01  4.36515832e+00 -9.70260208e-06 
 4.46683592e+00  4.19111258e+01  4.46683592e+00 -9.92860472e-06 
 4.57088190e+00  4.19111258e+01  4.57088190e+00 -1.01598716e-05 
 4.67735141e+00  4.19111258e+01  4.67735141e+00 -1.03965254e-05 
 4.78630092e+00  4.19111258e+01  4.78630092e+00 -1.06386916e-05 
 4.89778819e+00  4.19111258e+01  4.89778819e+00 -1.08864986e-05 
 5.01187234e+00  4.19111258e+01  5.01187234e+00 -1.11400777e-05 
 5.12861384e+00  4.19111258e+01  5.12861384e+00 -1.13995635e-05 
 5.24807460e+00  4.19111258e+01  5.24807460e+00 -1.16650934e-05 
 5.37031796e+00  4.19111258e+01  5.37031796e+00 -1.19368083e-05 
 5.49540874e+00  4.19111258e+01  5.49540874e+00 -1.22148523e-05 
 5.62341325e+00  4.19111258e+01  5.62341325e+00 -1.24993728e-05 
 5.75439937e+00  4.19111258e+01  5.75439937e+00 -1.27905206e-05 
 5.88843655e+00  4.19111258e+01  5.88843655e+00 -1.30884501e-05 
 6.02559586e+00  4.19111258e+01  6.02559586e+00 -1.33933192e-05 
 6.16595002e+00  4.19111258e+01  6.16595002e+00 -1.37052897e-05 
 6.30957344e+00  4.19111258e+01  6.30957344e+00 -1.40245269e-05 
 6.45654229e+00  4.19111258e+01  6.45654229e+00 -1.43512001e-05 
 6.60693448e+00  4.19111258e+01  6.60693448e+00 -1.46854825e-05 
 6.76082975e+00  4.19111258e+01  6.76082975e+00 -1.50275514e-05 
 6.91830971e+00  4.19111258e+01  6.91830971e+00 -1.53775880e-05 
 7.07945784e+00  4.19111258e+01  7.07945784e+00 -1.57357780e-05 
 7.24435960e+00  4.19111258e+01  7.24435960e+00 -1.61023114e-05 
 7.41310241e+00  4.19111258e+01  7.41310241e+00 -1.64773824e-05 
 7.58577575e+00  4.19111258e+01  7.58577575e+00 -1.68611899e-05 
 7.76247117e+00  4.19111258e+01  7.76247117e+00 -1.72539375e-05 
 7.94328235e+00  4.19111258e+01  7.94328235e+00 -1.76558333e-05 
 8.12830516e+00  4.19111258e+01  8.12830516e+00 -1.80670905e-05 
 8.31763771e+00  4.19111258e+01  8.31763771e+00 -1.84879271e-05 
 8.51138038e+00  4.19111258e+01  8.51138038e+00 -1.89185663e-05 
 8.70963590e+00  4.19111258e+01  8.70963590e+00 -1.93592363e-05 
 8.91250938e+00  4.19111258e+01  8.91250938e+00 -1.98101708e-05 
 9.12010839e+00  4.19111258e+01  9.12010839e+00 -2.02716090e-05 
 9.33254301e+00  4.19111258e+01  9.33254301e+00 -2.07437954e-05 
 9.54992586e+00  4.19111258e+01  9.54992586e+00 -2.12269805e-05 
 9.77237221e+00  4.19111258e+01  9.77237221e+00 -2.17214204e-05 
 1.00000000e+01  4.19111258e+01  1.00000000e+01 -2.22273773e-05 
 1.02329299e+01  4.19111258e+01  1.02329299e+01 -2.27451194e-05 
 1.04712855e+01  4.19111258e+01  1.04712855e+01 -2.32749213e-05 
 1.07151931e+01  4.19111258e+01  1.07151931e+01 -2.38170638e-05 
 1.09647820e+01  4.19111258e+01  1.09647820e+01 -2.43718345e-05 
 1.12201845e+01  4.19111258e+01  1.12201845e+01 -2.49395275e-05 
 1.14815362e+01  4.19111258e+01  1.14815362e+01 -2.55204437e-05 
 1.17489755e+01  4.19111258e+01  1.17489755e+01 -2.61148912e-05 
 1.20226443e+01  4.19111258e+01  1.20226443e+01 -2.67231851e-05 
 1.23026877e+01  4.19111258e+01  1.23026877e+01 -2.73456481e-05 
 1.25892541e+01  4.19111258e+01  1.25892541e+01 -2.79826101e-05 
 1.28824955e+01  4.19111258e+01  1.28824955e+01 -2.86344088e-05 
 1.31825674e+01  4.19111258e+01  1.31825674e+01 -2.93013898e-05 
 1.34896288e+01  4.19111258e+01  1.34896288e+01 -2.99839069e-05 
 1.38038426e+01  4.19111258e+01  1.38038426e+01 -3.06823218e-05 
 1.41253754e+01  4.19111258e+01  1.41253754e+01 -3.13970049e-05 
 1.44543977e+01  4.19111258e+01  1.44543977e+01 -3.21283351e-05 
 1.47910839e+01  4.19111258e+01  1.47910839e+01 -3.28767001e-05 
 1.51356125e+01  4.19111258e+01  1.51356125e+01 -3.36424969e-05 
 1.54881662e+01  4.19111258e+01  1.54881662e+01 -3.44261313e-05 
 1.58489319e+01  4.19111258e+01  1.58489319e+01 -3.52280189e-05 
 1.62181010e+01  4.19111258e+01  1.62181010e+01 -3.60485849e-05 
 1.65958691e+01  4.19111258e+01  1.65958691e+01 -3.68882643e-05 
 1.69824365e+01  4.19111258e+01  1.69824365e+01 -3.77475023e-05 
 1.73780083e+01  4.19111258e+01  1.73780083e+01 -3.86267546e-05 
 1.77827941e+01  4.19111258e+01  1.77827941e+01 -3.95264873e-05 
 1.81970086e+01  4.19111258e+01  1.81970086e+01 -4.04471775e-05 
 1.86208714e+01  4.19111258e+01  1.86208714e+01 -4.13893132e-05 
 1.90546072e+01  4.19111258e+01  1.90546072e+01 -4.23533942e-05 
 1.94984460e+01  4.19111258e+01  1.94984460e+01 -4.33399315e-05 
 1.99526231e+01  4.19111258e+01  1.99526231e+01 -4.43494482e-05 
 2.04173794e+01  4.19111258e+01  2.04173794e+01 -4.53824795e-05 
 2.08929613e+01  4.19111258e+01  2.08929613e+01 -4.64395733e-05 
 2.13796209e+01  4.19111258e+01  2.13796209e+01 -4.75212899e-05 
 2.18776162e+01  4.19111258e+01  2.18776162e+01 -4.86282029e-05 
 2.23872114e+01  4.19111258e+01  2.23872114e+01 -4.97608993e-05 
 2.29086765e+01  4.19111258e+01  2.29086765e+01 -5.09199795e-05 
 2.34422882e+01  4.19111258e+01  2.34422882e+01 -5.21060582e-05 
 2.39883292e+01  4.19111258e+01  2.39883292e+01 -5.33197642e-05 
 2.45470892e+01  4.19111258e+01  2.45470892e+01 -5.45617411e-05 
 2.51188643e+01  4.19111258e+01  2.51188643e+01 -5.58326473e-05 
 2.57039578e+01  4.19111258e+01  2.57039578e+01 -5.71331567e-05 
 2.63026799e+01  4.19111258e+01  2.63026799e+01 -5.84639589e-05 
 2.69153480e+01  4.19111258e+01  2.69153480e+01 -5.98257594e-05 
 2.75422870e+01  4.19111258e+01  2.75422870e+01 -6.12192804e-05 
 2.81838293e+01  4.19111258e+01  2.81838293e+01 -6.26452606e-05 
 2.88403150e+01  4.19111258e+01  2.88403150e+01 -6.41044562e-05 
 2.95120923e+01  4.19111258e+01  2.95120923e+01 -6.55976407e-05 
 3.01995172e+01  4.19111258e+01  3.01995172e+01 -6.71256061e-05 
 3.09029543e+01  4.19111258e+01  3.09029543e+01 -6.86891623e-05 
 3.16227766e+01  4.19111258e+01  3.16227766e+01 -7.02891384e-05 
 3.23593657e+01  4.19111258e+01  3.23593657e+01 -7.19263828e-05 
 3.31131121e+01  4.19111258e+01  3.31131121e+01 -7.36017635e-05 
 3.38844156e+01  4.19111258e+01  3.38844156e+01 -7.53161688e-05 
 3.46736850e+01  4.19111258e+01  3.46736850e+01 -7.70705077e-05 
 3.54813389e+01  4.19111258e+01  3.54813389e+01 -7.88657104e-05 
 3.63078055e+01  4.19111258e+01  3.63078055e+01 -8.07027288e-05 
 3.71535229e+01  4.19111258e+01  3.71535229e+01 -8.25825368e-05 
 3.80189396e+01  4.19111258e+01  3.80189396e+01 -8.45061312e-05 
 3.89045145e+01  4.19111258e+01  3.89045145e+01 -8.64745319e-05 
 3.98107171e+01  4.19111258e+01  3.98107171e+01 -8.84887824e-05 
 4.07380278e+01  4.19111258e+01  4.07380278e+01 -9.05499510e-05 
 4.16869383e+01  4.19111258e+01  4.16869383e+01 -9.26591303e-05 
 4.26579519e+01  4.19111258e+01  4.26579519e+01 -9.48174387e-05 
 4.36515832e+01  4.19111258e+01  4.36515832e+01 -9.70260205e-05 
 4.46683592e+01  4.19111257e+01  4.46683592e+01 -9.92860468e-05 
 4.57088190e+01  4.19111257e+01  4.57088190e+01 -1.01598716e-04 
 4.67735141e+01  4.19111257e+01  4.67735141e+01 -1.03965254e-04 
 4.78630092e+01  4.19111257e+01  4.78630092e+01 -1.06386916e-04 
 4.89778819e+01  4.19111257e+01  4.89778819e+01 -1.08864985e-04 
 5.01187234e+01  4.19111257e+01  5.01187234e+01 -1.11400777e-04 
 5.12861384e+01  4.19111257e+01  5.12861384e+01 -1.13995634e-04 
 5.24807460e+01  4.19111257e+01  5.24807460e+01 -1.16650934e-04 
 5.37031796e+01  4.19111257e+01  5.37031796e+01 -1.19368083e-04 
 5.49540874e+01  4.19111257e+01  5.49540874e+01 -1.22148523e-04 
 5.62341325e+01  4.19111257e+01  5.62341325e+01 -1.24993727e-04 
 5.75439937e+01  4.19111257e+01  5.75439937e+01 -1.27905205e-04 
 5.88843655e+01  4.19111257e+01  5.88843655e+01 -1.30884500e-04 
 6.02559586e+01  4.19111257e+01  6.02559586e+01 -1.33933192e-04 
 6.16595002e+01  4.19111257e+01  6.16595002e+01 -1.37052896e-04 
 6.30957344e+01  4.19111257e+01  6.30957344e+01 -1.40245268e-04 
 6.45654229e+01  4.19111257e+01  6.45654229e+01 -1.43512000e-04 
 6.60693448e+01  4.19111257e+01  6.60693448e+01 -1.46854824e-04 
 6.76082975e+01  4.19111257e+01  6.76082975e+01 -1.50275512e-04 
 6.91830971e+01  4.19111257e+01  6.91830971e+01 -1.53775879e-04 
 7.07945784e+01  4.19111257e+01  7.07945784e+01 -1.57357779e-04 
 7.24435960e+01  4.19111257e+01  7.24435960e+01 -1.61023112e-04 
 7.41310241e+01  4.19111257e+01  7.41310241e+01 -1.64773822e-04 
 7.58577575e+01  4.19111257e+01  7.58577575e+01 -1.68611898e-04 
 7.76247117e+01  4.19111257e+01  7.76247117e+01 -1.72539373e-04 
 7.94328235e+01  4.19111257e+01  7.94328235e+01 -1.76558331e-04 
 8.12830516e+01  4.19111256e+01  8.12830516e+01 -1.80670903e-04 
 8.31763771e+01  4.19111256e+01  8.31763771e+01 -1.84879269e-04 
 8.51138038e+01  4.19111256e+01  8.51138038e+01 -1.89185660e-04 
 8.70963590e+01  4.19111256e+01  8.70963590e+01 -1.93592360e-04 
 8.91250938e+01  4.19111256e+01  8.91250938e+01 -1.98101706e-04 
 9.12010839e+01  4.19111256e+01  9.12010839e+01 -2.02716087e-04 
 9.33254301e+01  4.19111256e+01  9.33254301e+01 -2.07437951e-04 
 9.54992586e+01  4.19111256e+01  9.54992586e+01 -2.12269802e-04 
 9.77237221e+01  4.19111256e+01  9.77237221e+01 -2.17214200e-04 
 1.00000000e+02  4.19111256e+01  1.00000000e+02 -2.22273769e-04 
 1.02329299e+02  4.19111256e+01  1.02329299e+02 -2.27451190e-04 
 1.04712855e+02  4.19111256e+01  1.04712855e+02 -2.32749208e-04 
 1.07151931e+02  4.19111255e+01  1.07151931e+02 -2.38170634e-04 
 1.09647820e+02  4.19111255e+01  1.09647820e+02 -2.43718340e-04 
 1.12201845e+02  4.19111255e+01  1.12201845e+02 -2.49395269e-04 
 1.14815362e+02  4.19111255e+01  1.14815362e+02 -2.55204431e-04 
 1.17489755e+02  4.19111255e+01  1.17489755e+02 -2.61148906e-04 
 1.20226443e+02  4.19111255e+01  1.20226443e+02 -2.67231845e-04 
 1.23026877e+02  4.19111255e+01  1.23026877e+02 -2.73456474e-04 
 1.25892541e+02  4.19111254e+01  1.25892541e+02 -2.79826093e-04 
 1.28824955e+02  4.19111254e+01  1.28824955e+02 -2.86344080e-04 
 1.31825674e+02  4.19111254e+01  1.31825674e+02 -2.93013890e-04 
 1.34896288e+02  4.19111254e+01  1.34896288e+02 -2.99839060e-04 
 1.38038426e+02  4.19111254e+01  1.38038426e+02 -3.06823208e-04 
 1.41253754e+02  4.19111254e+01  1.41253754e+02 -3.13970038e-04 
 1.44543977e+02  4.19111253e+01  1.44543977e+02 -3.21283339e-04 
 1.47910839e+02  4.19111253e+01  1.47910839e+02 -3.28766989e-04 
 1.51356125e+02  4.19111253e+01  1.51356125e+02 -3.36424955e-04 
 1.54881662e+02  4.19111253e+01  1.54881662e+02 -3.44261299e-04 
 1.58489319e+02  4.19111252e+01  1.58489319e+02 -3.52280174e-04 
 1.62181010e+02  4.19111252e+01  1.62181010e+02 -3.60485832e-04 
 1.65958691e+02  4.19111252e+01  1.65958691e+02 -3.68882625e-04 
 1.69824365e+02  4.19111252e+01  1.69824365e+02 -3.77475005e-04 
 1.73780083e+02  4.19111251e+01  1.73780083e+02 -3.86267526e-04 
 1.77827941e+02  4.19111251e+01  1.77827941e+02 -3.95264852e-04 
 1.81970086e+02  4.19111251e+01  1.81970086e+02 -4.04471752e-04 
 1.86208714e+02  4.19111250e+01  1.86208714e+02 -4.13893108e-04 
 1.90546072e+02  4.19111250e+01  1.90546072e+02 -4.23533916e-04 
 1.94984460e+02  4.19111250e+01  1.94984460e+02 -4.33399287e-04 
 1.99526231e+02  4.19111249e+01  1.99526231e+02 -4.43494452e-04 
 2.04173794e+02  4.19111249e+01  2.04173794e+02 -4.53824763e-04 
 2.08929613e+02  4.19111248e+01  2.08929613e+02 -4.64395698e-04 
 2.13796209e+02  4.19111248e+01  2.13796209e+02 -4.75212862e-04 
 2.18776162e+02  4.19111247e+01  2.18776162e+02 -4.86281990e-04 
 2.23872114e+02  4.19111247e+01  2.23872114e+02 -4.97608950e-04 
 2.29086765e+02  4.19111246e+01  2.29086765e+02 -5.09199750e-04 
 2.34422882e+02  4.19111246e+01  2.34422882e+02 -5.21060533e-04 
 2.39883292e+02  4.19111245e+01  2.39883292e+02 -5.33197590e-04 
 2.45470892e+02  4.19111245e+01  2.45470892e+02 -5.45617355e-04 
 2.51188643e+02  4.19111244e+01  2.51188643e+02 -5.58326413e-04 
 2.57039578e+02  4.19111243e+01  2.57039578e+02 -5.71331503e-04 
 2.63026799e+02  4.19111243e+01  2.63026799e+02 -5.84639520e-04 
 2.69153480e+02  4.19111242e+01  2.69153480e+02 -5.98257520e-04 
 2.75422870e+02  4.19111241e+01  2.75422870e+02 -6.12192724e-04 
 2.81838293e+02  4.19111240e+01  2.81838293e+02 -6.26452521e-04 
 2.88403150e+02  4.19111240e+01  2.88403150e+02 -6.41044470e-04 
 2.95120923e+02  4.19111239e+01  2.95120923e+02 -6.55976310e-04 
 3.01995172e+02  4.19111238e+01  3.01995172e+02 -6.71255956e-04 
 3.09029543e+02  4.19111237e+01  3.09029543e+02 -6.86891511e-04 
 3.16227766e+02  4.19111236e+01  3.16227766e+02 -7.02891264e-04 
 3.23593657e+02  4.19111235e+01  3.23593657e+02 -7.19263699e-04 
 3.31131121e+02  4.19111234e+01  3.31131121e+02 -7.36017497e-04 
 3.38844156e+02  4.19111233e+01  3.38844156e+02 -7.53161540e-04 
 3.46736850e+02  4.19111231e+01  3.46736850e+02 -7.70704919e-04 
 3.54813389e+02  4.19111230e+01  3.54813389e+02 -7.88656935e-04 
 3.63078055e+02  4.19111229e+01  3.63078055e+02 -8.07027106e-04 
 3.71535229e+02  4.19111227e+01  3.71535229e+02 -8.25825174e-04 
 3.80189396e+02  4.19111226e+01  3.80189396e+02 -8.45061103e-04 
 3.89045145e+02  4.19111224e+01  3.89045145e+02 -8.64745095e-04 
 3.98107171e+02  4.19111223e+01  3.98107171e+02 -8.84887585e-04 
 4.07380278e+02  4.19111221e+01  4.07380278e+02 -9.05499253e-04 
 4.16869383e+02  4.19111220e+01  4.16869383e+02 -9.26591028e-04 
 4.26579519e+02  4.19111218e+01  4.26579519e+02 -9.48174092e-04 
 4.36515832e+02  4.19111216e+01  4.36515832e+02 -9.70259889e-04 
 4.46683592e+02  4.19111214e+01  4.46683592e+02 -9.92860130e-04 
 4.57088190e+02  4.19111212e+01  4.57088190e+02 -1.01598680e-03 
 4.67735141e+02  4.19111210e+01  4.67735141e+02 -1.03965215e-03 
 4.78630092e+02  4.19111207e+01  4.78630092e+02 -1.06386874e-03 
 4.89778819e+02  4.19111205e+01  4.89778819e+02 -1.08864941e-03 
 5.01187234e+02  4.19111202e+01  5.01187234e+02 -1.11400729e-03 
 5.12861384e+02  4.19111200e+01  5.12861384e+02 -1.13995583e-03 
 5.24807460e+02  4.19111197e+01  5.24807460e+02 -1.16650879e-03 
 5.37031796e+02  4.19111194e+01  5.37031796e+02 -1.19368024e-03 
 5.49540874e+02  4.19111191e+01  5.49540874e+02 -1.22148460e-03 
 5.62341325e+02  4.19111188e+01  5.62341325e+02 -1.24993660e-03 
 5.75439937e+02  4.19111185e+01  5.75439937e+02 -1.27905133e-03 
 5.88843655e+02  4.19111181e+01  5.88843655e+02 -1.30884422e-03 
 6.02559586e+02  4.19111178e+01  6.02559586e+02 -1.33933109e-03 
 6.16595002e+02  4.19111174e+01  6.16595002e+02 -1.37052807e-03 
 6.30957344e+02  4.19111170e+01  6.30957344e+02 -1.40245173e-03 
 6.45654229e+02  4.19111166e+01  6.45654229e+02 -1.43511898e-03 
 6.60693448e+02  4.19111161e+01  6.60693448e+02 -1.46854715e-03 
 6.76082975e+02  4.19111157e+01  6.76082975e+02 -1.50275395e-03 
 6.91830971e+02  4.19111152e+01  6.91830971e+02 -1.53775753e-03 
 7.07945784e+02  4.19111147e+01  7.07945784e+02 -1.57357644e-03 
 7.24435960e+02  4.19111142e+01  7.24435960e+02 -1.61022968e-03 
 7.41310241e+02  4.19111136e+01  7.41310241e+02 -1.64773668e-03 
 7.58577575e+02  4.19111131e+01  7.58577575e+02 -1.68611732e-03 
 7.76247117e+02  4.19111125e+01  7.76247117e+02 -1.72539196e-03 
 7.94328235e+02  4.19111118e+01  7.94328235e+02 -1.76558141e-03 
 8.12830516e+02  4.19111112e+01  8.12830516e+02 -1.80670699e-03 
 8.31763771e+02  4.19111105e+01  8.31763771e+02 -1.84879051e-03 
 8.51138038e+02  4.19111098e+01  8.51138038e+02 -1.89185426e-03 
 8.70963590e+02  4.19111090e+01  8.70963590e+02 -1.93592110e-03 
 8.91250938e+02  4.19111082e+01  8.91250938e+02 -1.98101437e-03 
 9.12010839e+02  4.19111074e+01  9.12010839e+02 -2.02715799e-03 
 9.33254301e+02  4.19111065e+01  9.33254301e+02 -2.07437643e-03 
 9.54992586e+02  4.19111056e+01  9.54992586e+02 -2.12269471e-03 
 9.77237221e+02  4.19111047e+01  9.77237221e+02 -2.17213846e-03 
 1.00000000e+03  4.19111037e+01  1.00000000e+03 -2.22273389e-03 
 1.02329299e+03  4.19111026e+01  1.02329299e+03 -2.27450783e-03 
 1.04712855e+03  4.19111015e+01  1.04712855e+03 -2.32748773e-03 
 1.07151931e+03  4.19111004e+01  1.07151931e+03 -2.38170167e-03 
 1.09647820e+03  4.19110992e+01  1.09647820e+03 -2.43717840e-03 
 1.12201845e+03  4.19110980e+01  1.12201845e+03 -2.49394733e-03 
 1.14815362e+03  4.19110966e+01  1.14815362e+03 -2.55203857e-03 
 1.17489755e+03  4.19110953e+01  1.17489755e+03 -2.61148290e-03 
 1.20226443e+03  4.19110938e+01  1.20226443e+03 -2.67231185e-03 
 1.23026877e+03  4.19110923e+01  1.23026877e+03 -2.73455767e-03 
 1.25892541e+03  4.19110907e+01  1.25892541e+03 -2.79825336e-03 
 1.28824955e+03  4.19110891e+01  1.28824955e+03 -2.86343268e-03 
 1.31825674e+03  4.19110874e+01  1.31825674e+03 -2.93013020e-03 
 1.34896288e+03  4.19110856e+01  1.34896288e+03 -2.99838128e-03 
 1.38038426e+03  4.19110837e+01  1.38038426e+03 -3.06822210e-03 
 1.41253754e+03  4.19110817e+01  1.41253754e+03 -3.13968969e-03 
 1.44543977e+03  4.19110796e+01  1.44543977e+03 -3.21282193e-03 
 1.47910839e+03  4.19110774e+01  1.47910839e+03 -3.28765761e-03 
 1.51356125e+03  4.19110751e+01  1.51356125e+03 -3.36423640e-03 
 1.54881662e+03  4.19110727e+01  1.54881662e+03 -3.44259889e-03 
 1.58489319e+03  4.19110702e+01  1.58489319e+03 -3.52278663e-03 
 1.62181010e+03  4.19110676e+01  1.62181010e+03 -3.60484214e-03 
 1.65958691e+03  4.19110649e+01  1.65958691e+03 -3.68880891e-03 
 1.69824365e+03  4.19110620e+01  1.69824365e+03 -3.77473146e-03 
 1.73780083e+03  4.19110590e+01  1.73780083e+03 -3.86265535e-03 
 1.77827941e+03  4.19110559e+01  1.77827941e+03 -3.95262718e-03 
 1.81970086e+03  4.19110526e+01  1.81970086e+03 -4.04469465e-03 
 1.86208714e+03  4.19110491e+01  1.86208714e+03 -4.13890658e-03 
 1.90546072e+03  4.19110455e+01  1.90546072e+03 -4.23531290e-03 
 1.94984460e+03  4.19110417e+01  1.94984460e+03 -4.33396474e-03 
 1.99526231e+03  4.19110378e+01  1.99526231e+03 -4.43491437e-03 
 2.04173794e+03  4.19110336e+01  2.04173794e+03 -4.53821533e-03 
 2.08929613e+03  4.19110293e+01  2.08929613e+03 -4.64392237e-03 
 2.13796209e+03  4.19110247e+01  2.13796209e+03 -4.75209153e-03 
 2.18776162e+03  4.19110199e+01  2.18776162e+03 -4.86278016e-03 
 2.23872114e+03  4.19110150e+01  2.23872114e+03 -4.97604692e-03 
 2.29086765e+03  4.19110097e+01  2.29086765e+03 -5.09195187e-03 
 2.34422882e+03  4.19110043e+01  2.34422882e+03 -5.21055645e-03 
 2.39883292e+03  4.19109985e+01  2.39883292e+03 -5.33192352e-03 
 2.45470892e+03  4.19109925e+01  2.45470892e+03 -5.45611742e-03 
 2.51188643e+03  4.19109863e+01  2.51188643e+03 -5.58320398e-03 
 2.57039578e+03  4.19109797e+01  2.57039578e+03 -5.71325058e-03 
 2.63026799e+03  4.19109728e+01  2.63026799e+03 -5.84632614e-03 
 2.69153480e+03  4.19109656e+01  2.69153480e+03 -5.98250121e-03 
 2.75422870e+03  4.19109580e+01  2.75422870e+03 -6.12184796e-03 
 2.81838293e+03  4.19109501e+01  2.81838293e+03 -6.26444026e-03 
 2.88403150e+03  4.19109419e+01  2.88403150e+03 -6.41035368e-03 
 2.95120923e+03  4.19109332e+01  2.95120923e+03 -6.55966556e-03 
 3.01995172e+03  4.19109241e+01  3.01995172e+03 -6.71245505e-03 
 3.09029543e+03  4.19109146e+01  3.09029543e+03 -6.86880312e-03 
 3.16227766e+03  4.19109046e+01  3.16227766e+03 -7.02879264e-03 
 3.23593657e+03  4.19108942e+01  3.23593657e+03 -7.19250841e-03 
 3.31131121e+03  4.19108833e+01  3.31131121e+03 -7.36003719e-03 
 3.38844156e+03  4.19108719e+01  3.38844156e+03 -7.53146777e-03 
 3.46736850e+03  4.19108599e+01  3.46736850e+03 -7.70689100e-03 
 3.54813389e+03  4.19108474e+01  3.54813389e+03 -7.88639985e-03 
 3.63078055e+03  4.19108343e+01  3.63078055e+03 -8.07008944e-03 
 3.71535229e+03  4.19108205e+01  3.71535229e+03 -8.25805712e-03 
 3.80189396e+03  4.19108061e+01  3.80189396e+03 -8.45040250e-03 
 3.89045145e+03  4.19107911e+01  3.89045145e+03 -8.64722751e-03 
 3.98107171e+03  4.19107753e+01  3.98107171e+03 -8.84863643e-03 
 4.07380278e+03  4.19107588e+01  4.07380278e+03 -9.05473598e-03 
 4.16869383e+03  4.19107415e+01  4.16869383e+03 -9.26563538e-03 
 4.26579519e+03  4.19107234e+01  4.26579519e+03 -9.48144636e-03 
 4.36515832e+03  4.19107044e+01  4.36515832e+03 -9.70228327e-03 
 4.46683592e+03  4.19106846e+01  4.46683592e+03 -9.92826311e-03 
 4.57088190e+03  4.19106638e+01  4.57088190e+03 -1.01595056e-02 
 4.67735141e+03  4.19106420e+01  4.67735141e+03 -1.03961332e-02 
 4.78630092e+03  4.19106192e+01  4.78630092e+03 -1.06382714e-02 
 4.89778819e+03  4.19105953e+01  4.89778819e+03 -1.08860483e-02 
 5.01187234e+03  4.19105703e+01  5.01187234e+03 -1.11395952e-02 
 5.12861384e+03  4.19105441e+01  5.12861384e+03 -1.13990464e-02 
 5.24807460e+03  4.19105167e+01  5.24807460e+03 -1.16645394e-02 
 5.37031796e+03  4.19104880e+01  5.37031796e+03 -1.19362147e-02 
 5.49540874e+03  4.19104580e+01  5.49540874e+03 -1.22142162e-02 
 5.62341325e+03  4.19104265e+01  5.62341325e+03 -1.24986912e-02 
 5.75439937e+03  4.19103936e+01  5.75439937e+03 -1.27897903e-02 
 5.88843655e+03  4.19103591e+01  5.88843655e+03 -1.30876675e-02 
 6.02559586e+03  4.19103229e+01  6.02559586e+03 -1.33924807e-02 
 6.16595002e+03  4.19102851e+01  6.16595002e+03 -1.37043912e-02 
 6.30957344e+03  4.19102455e+01  6.30957344e+03 -1.40235642e-02 
 6.45654229e+03  4.19102040e+01  6.45654229e+03 -1.43501686e-02 
 6.60693448e+03  4.19101605e+01  6.60693448e+03 -1.46843772e-02 
 6.76082975e+03  4.19101151e+01  6.76082975e+03 -1.50263670e-02 
 6.91830971e+03  4.19100674e+01  6.91830971e+03 -1.53763189e-02 
 7.07945784e+03  4.19100176e+01  7.07945784e+03 -1.57344182e-02 
 7.24435960e+03  4.19099653e+01  7.24435960e+03 -1.61008543e-02 
 7.41310241e+03  4.19099107e+01  7.41310241e+03 -1.64758211e-02 
 7.58577575e+03  4.19098534e+01  7.58577575e+03 -1.68595170e-02 
 7.76247117e+03  4.19097934e+01  7.76247117e+03 -1.72521449e-02 
 7.94328235e+03  4.19097307e+01  7.94328235e+03 -1.76539126e-02 
 8.12830516e+03  4.19096649e+01  8.12830516e+03 -1.80650324e-02 
 8.31763771e+03  4.19095961e+01  8.31763771e+03 -1.84857219e-02 
 8.51138038e+03  4.19095240e+01  8.51138038e+03 -1.89162033e-02 
 8.70963590e+03  4.19094485e+01  8.70963590e+03 -1.93567043e-02 
 8.91250938e+03  4.19093695e+01  8.91250938e+03 -1.98074578e-02 
 9.12010839e+03  4.19092867e+01  9.12010839e+03 -2.02687020e-02 
 9.33254301e+03  4.19092001e+01  9.33254301e+03 -2.07406806e-02 
 9.54992586e+03  4.19091093e+01  9.54992586e+03 -2.12236429e-02 
 9.77237221e+03  4.19090143e+01  9.77237221e+03 -2.17178441e-02 
 1.00000000e+04  4.19089149e+01  1.00000000e+04 -2.22235453e-02 
 1.02329299e+04  4.19088107e+01  1.02329299e+04 -2.27410134e-02 
 1.04712855e+04  4.19087016e+01  1.04712855e+04 -2.32705217e-02 
 1.07151931e+04  4.19085874e+01  1.07151931e+04 -2.38123497e-02 
 1.09647820e+04  4.19084678e+01  1.09647820e+04 -2.43667833e-02 
 1.12201845e+04  4.19083426e+01  1.12201845e+04 -2.49341151e-02 
 1.14815362e+04  4.19082114e+01  1.14815362e+04 -2.55146443e-02 
 1.17489755e+04  4.19080741e+01  1.17489755e+04 -2.61086772e-02 
 1.20226443e+04  4.19079304e+01  1.20226443e+04 -2.67165269e-02 
 1.23026877e+04  4.19077798e+01  1.23026877e+04 -2.73385138e-02 
 1.25892541e+04  4.19076222e+01  1.25892541e+04 -2.79749656e-02 
 1.28824955e+04  4.19074572e+01  1.28824955e+04 -2.86262178e-02 
 1.31825674e+04  4.19072843e+01  1.31825674e+04 -2.92926133e-02 
 1.34896288e+04  4.19071034e+01  1.34896288e+04 -2.99745029e-02 
 1.38038426e+04  4.19069139e+01  1.38038426e+04 -3.06722455e-02 
 1.41253754e+04  4.19067155e+01  1.41253754e+04 -3.13862082e-02 
 1.44543977e+04  4.19065078e+01  1.44543977e+04 -3.21167666e-02 
 1.47910839e+04  4.19062902e+01  1.47910839e+04 -3.28643046e-02 
 1.51356125e+04  4.19060625e+01  1.51356125e+04 -3.36292153e-02 
 1.54881662e+04  4.19058240e+01  1.54881662e+04 -3.44119002e-02 
 1.58489319e+04  4.19055743e+01  1.58489319e+04 -3.52127706e-02 
 1.62181010e+04  4.19053128e+01  1.62181010e+04 -3.60322466e-02 
 1.65958691e+04  4.19050391e+01  1.65958691e+04 -3.68707582e-02 
 1.69824365e+04  4.19047524e+01  1.69824365e+04 -3.77287450e-02 
 1.73780083e+04  4.19044523e+01  1.73780083e+04 -3.86066566e-02 
 1.77827941e+04  4.19041380e+01  1.77827941e+04 -3.95049528e-02 
 1.81970086e+04  4.19038090e+01  1.81970086e+04 -4.04241039e-02 
 1.86208714e+04  4.19034645e+01  1.86208714e+04 -4.13645906e-02 
 1.90546072e+04  4.19031037e+01  1.90546072e+04 -4.23269048e-02 
 1.94984460e+04  4.19027260e+01  1.94984460e+04 -4.33115490e-02 
 1.99526231e+04  4.19023306e+01  1.99526231e+04 -4.43190375e-02 
 2.04173794e+04  4.19019165e+01  2.04173794e+04 -4.53498957e-02 
 2.08929613e+04  4.19014830e+01  2.08929613e+04 -4.64046612e-02 
 2.13796209e+04  4.19010290e+01  2.13796209e+04 -4.74838833e-02 
 2.18776162e+04  4.19005538e+01  2.18776162e+04 -4.85881237e-02 
 2.23872114e+04  4.19000562e+01  2.23872114e+04 -4.97179565e-02 
 2.29086765e+04  4.18995352e+01  2.29086765e+04 -5.08739688e-02 
 2.34422882e+04  4.18989897e+01  2.34422882e+04 -5.20567606e-02 
 2.39883292e+04  4.18984185e+01  2.39883292e+04 -5.32669450e-02 
 2.45470892e+04  4.18978206e+01  2.45470892e+04 -5.45051490e-02 
 2.51188643e+04  4.18971945e+01  2.51188643e+04 -5.57720130e-02 
 2.57039578e+04  4.18965391e+01  2.57039578e+04 -5.70681918e-02 
 2.63026799e+04  4.18958528e+01  2.63026799e+04 -5.83943544e-02 
 2.69153480e+04  4.18951344e+01  2.69153480e+04 -5.97511842e-02 
 2.75422870e+04  4.18943822e+01  2.75422870e+04 -6.11393799e-02 
 2.81838293e+04  4.18935947e+01  2.81838293e+04 -6.25596551e-02 
 2.88403150e+04  4.18927702e+01  2.88403150e+04 -6.40127386e-02 
 2.95120923e+04  4.18919070e+01  2.95120923e+04 -6.54993754e-02 
 3.01995172e+04  4.18910034e+01  3.01995172e+04 -6.70203260e-02 
 3.09029543e+04  4.18900573e+01  3.09029543e+04 -6.85763674e-02 
 3.16227766e+04  4.18890669e+01  3.16227766e+04 -7.01682931e-02 
 3.23593657e+04  4.18880301e+01  3.23593657e+04 -7.17969133e-02 
 3.31131121e+04  4.18869446e+01  3.31131121e+04 -7.34630552e-02 
 3.38844156e+04  4.18858083e+01  3.38844156e+04 -7.51675636e-02 
 3.46736850e+04  4.18846188e+01  3.46736850e+04 -7.69113006e-02 
 3.54813389e+04  4.18833736e+01  3.54813389e+04 -7.86951463e-02 
 3.63078055e+04  4.18820700e+01  3.63078055e+04 -8.05199990e-02 
 3.71535229e+04  4.18807054e+01  3.71535229e+04 -8.23867753e-02 
 3.80189396e+04  4.18792770e+01  3.80189396e+04 -8.42964104e-02 
 3.89045145e+04  4.18777818e+01  3.89045145e+04 -8.62498585e-02 
 3.98107171e+04  4.18762166e+01  3.98107171e+04 -8.82480928e-02 
 4.07380278e+04  4.18745783e+01  4.07380278e+04 -9.02921058e-02 
 4.16869383e+04  4.18728635e+01  4.16869383e+04 -9.23829098e-02 
 4.26579519e+04  4.18710685e+01  4.26579519e+04 -9.45215366e-02 
 4.36515832e+04  4.18691898e+01  4.36515832e+04 -9.67090382e-02 
 4.46683592e+04  4.18672234e+01  4.46683592e+04 -9.89464866e-02 
 4.57088190e+04  4.18651652e+01  4.57088190e+04 -1.01234974e-01 
 4.67735141e+04  4.18630111e+01  4.67735141e+04 -1.03575614e-01 
 4.78630092e+04  4.18607567e+01  4.78630092e+04 -1.05969540e-01 
 4.89778819e+04  4.18583972e+01  4.89778819e+04 -1.08417905e-01 
 5.01187234e+04  4.18559279e+01  5.01187234e+04 -1.10921885e-01 
 5.12861384e+04  4.18533438e+01  5.12861384e+04 -1.13482676e-01 
 5.24807460e+04  4.18506395e+01  5.24807460e+04 -1.16101495e-01 
 5.37031796e+04  4.18478096e+01  5.37031796e+04 -1.18779580e-01 
 5.49540874e+04  4.18448483e+01  5.49540874e+04 -1.21518189e-01 
 5.62341325e+04  4.18417495e+01  5.62341325e+04 -1.24318602e-01 
 5.75439937e+04  4.18385072e+01  5.75439937e+04 -1.27182121e-01 
 5.88843655e+04  4.18351146e+01  5.88843655e+04 -1.30110065e-01 
 6.02559586e+04  4.18315649e+01  6.02559586e+04 -1.33103778e-01 
 6.16595002e+04  4.18278511e+01  6.16595002e+04 -1.36164622e-01 
 6.30957344e+04  4.18239656e+01  6.30957344e+04 -1.39293978e-01 
 6.45654229e+04  4.18199008e+01  6.45654229e+04 -1.42493249e-01 
 6.60693448e+04  4.18156485e+01  6.60693448e+04 -1.45763856e-01 
 6.76082975e+04  4.18112002e+01  6.76082975e+04 -1.49107240e-01 
 6.91830971e+04  4.18065471e+01  6.91830971e+04 -1.52524860e-01 
 7.07945784e+04  4.18016802e+01  7.07945784e+04 -1.56018194e-01 
 7.24435960e+04  4.17965897e+01  7.24435960e+04 -1.59588736e-01 
 7.41310241e+04  4.17912656e+01  7.41310241e+04 -1.63237996e-01 
 7.58577575e+04  4.17856977e+01  7.58577575e+04 -1.66967502e-01 
 7.76247117e+04  4.17798750e+01  7.76247117e+04 -1.70778796e-01 
 7.94328235e+04  4.17737862e+01  7.94328235e+04 -1.74673435e-01 
 8.12830516e+04  4.17674197e+01  8.12830516e+04 -1.78652987e-01 
 8.31763771e+04  4.17607630e+01  8.31763771e+04 -1.82719033e-01 
 8.51138038e+04  4.17538036e+01  8.51138038e+04 -1.86873165e-01 
 8.70963590e+04  4.17465282e+01  8.70963590e+04 -1.91116983e-01 
 8.91250938e+04  4.17389229e+01  8.91250938e+04 -1.95452096e-01 
 9.12010839e+04  4.17309735e+01  9.12010839e+04 -1.99880119e-01 
 9.33254301e+04  4.17226650e+01  9.33254301e+04 -2.04402670e-01 
 9.54992586e+04  4.17139820e+01  9.54992586e+04 -2.09021371e-01 
 9.77237221e+04  4.17049083e+01  9.77237221e+04 -2.13737841e-01 
 1.00000000e+05  4.16954273e+01  1.00000000e+05 -2.18553702e-01 
 1.02329299e+05  4.16855216e+01  1.02329299e+05 -2.23470569e-01 
 1.04712855e+05  4.16751733e+01  1.04712855e+05 -2.28490048e-01 
 1.07151931e+05  4.16643637e+01  1.07151931e+05 -2.33613741e-01 
 1.09647820e+05  4.16530734e+01  1.09647820e+05 -2.38843231e-01 
 1.12201845e+05  4.16412824e+01  1.12201845e+05 -2.44180092e-01 
 1.14815362e+05  4.16289700e+01  1.14815362e+05 -2.49625874e-01 
 1.17489755e+05  4.16161147e+01  1.17489755e+05 -2.55182108e-01 
 1.20226443e+05  4.16026942e+01  1.20226443e+05 -2.60850296e-01 
 1.23026877e+05  4.15886856e+01  1.23026877e+05 -2.66631914e-01 
 1.25892541e+05  4.15740651e+01  1.25892541e+05 -2.72528402e-01 
 1.28824955e+05  4.15588082e+01  1.28824955e+05 -2.78541160e-01 
 1.31825674e+05  4.15428895e+01  1.31825674e+05 -2.84671550e-01 
 1.34896288e+05  4.15262830e+01  1.34896288e+05 -2.90920882e-01 
 1.38038426e+05  4.15089617e+01  1.38038426e+05 -2.97290416e-01 
 1.41253754e+05  4.14908979e+01  1.41253754e+05 -3.03781354e-01 
 1.44543977e+05  4.14720631e+01  1.44543977e+05 -3.10394836e-01 
 1.47910839e+05  4.14524279e+01  1.47910839e+05 -3.17131932e-01 
 1.51356125e+05  4.14319621e+01  1.51356125e+05 -3.23993638e-01 
 1.54881662e+05  4.14106348e+01  1.54881662e+05 -3.30980871e-01 
 1.58489319e+05  4.13884141e+01  1.58489319e+05 -3.38094462e-01 
 1.62181010e+05  4.13652676e+01  1.62181010e+05 -3.45335148e-01 
 1.65958691e+05  4.13411618e+01  1.65958691e+05 -3.52703567e-01 
 1.69824365e+05  4.13160628e+01  1.69824365e+05 -3.60200254e-01 
 1.73780083e+05  4.12899356e+01  1.73780083e+05 -3.67825627e-01 
 1.77827941e+05  4.12627447e+01  1.77827941e+05 -3.75579990e-01 
 1.81970086e+05  4.12344538e+01  1.81970086e+05 -3.83463518e-01 
 1.86208714e+05  4.12050260e+01  1.86208714e+05 -3.91476253e-01 
 1.90546072e+05  4.11744239e+01  1.90546072e+05 -3.99618099e-01 
 1.94984460e+05  4.11426092e+01  1.94984460e+05 -4.07888813e-01 
 1.99526231e+05  4.11095433e+01  1.99526231e+05 -4.16287996e-01 
 2.04173794e+05  4.10751872e+01  2.04173794e+05 -4.24815092e-01 
 2.08929613e+05  4.10395012e+01  2.08929613e+05 -4.33469376e-01 
 2.13796209e+05  4.10024454e+01  2.13796209e+05 -4.42249952e-01 
 2.18776162e+05  4.09639796e+01  2.18776162e+05 -4.51155742e-01 
 2.23872114e+05  4.09240632e+01  2.23872114e+05 -4.60185484e-01 
 2.29086765e+05  4.08826556e+01  2.29086765e+05 -4.69337725e-01 
 2.34422882e+05  4.08397162e+01  2.34422882e+05 -4.78610817e-01 
 2.39883292e+05  4.07952040e+01  2.39883292e+05 -4.88002909e-01 
 2.45470892e+05  4.07490786e+01  2.45470892e+05 -4.97511948e-01 
 2.51188643e+05  4.07012993e+01  2.51188643e+05 -5.07135670e-01 
 2.57039578e+05  4.06518261e+01  2.57039578e+05 -5.16871601e-01 
 2.63026799e+05  4.06006192e+01  2.63026799e+05 -5.26717052e-01 
 2.69153480e+05  4.05476391e+01  2.69153480e+05 -5.36669119e-01 
 2.75422870e+05  4.04928473e+01  2.75422870e+05 -5.46724681e-01 
 2.81838293e+05  4.04362055e+01  2.81838293e+05 -5.56880402e-01 
 2.88403150e+05  4.03776767e+01  2.88403150e+05 -5.67132727e-01 
 2.95120923e+05  4.03172245e+01  2.95120923e+05 -5.77477890e-01 
 3.01995172e+05  4.02548138e+01  3.01995172e+05 -5.87911912e-01 
 3.09029543e+05  4.01904103e+01  3.09029543e+05 -5.98430605e-01 
 3.16227766e+05  4.01239813e+01  3.16227766e+05 -6.09029579e-01 
 3.23593657e+05  4.00554953e+01  3.23593657e+05 -6.19704247e-01 
 3.31131121e+05  3.99849225e+01  3.31131121e+05 -6.30449828e-01 
 3.38844156e+05  3.99122344e+01  3.38844156e+05 -6.41261358e-01 
 3.46736850e+05  3.98374046e+01  3.46736850e+05 -6.52133698e-01 
 3.54813389e+05  3.97604080e+01  3.54813389e+05 -6.63061543e-01 
 3.63078055e+05  3.96812219e+01  3.63078055e+05 -6.74039432e-01 
 3.71535229e+05  3.95998254e+01  3.71535229e+05 -6.85061758e-01 
 3.80189396e+05  3.95161996e+01  3.80189396e+05 -6.96122785e-01 
 3.89045145e+05  3.94303278e+01  3.89045145e+05 -7.07216655e-01 
 3.98107171e+05  3.93421957e+01  3.98107171e+05 -7.18337403e-01 
 4.07380278e+05  3.92517910e+01  4.07380278e+05 -7.29478975e-01 
 4.16869383e+05  3.91591040e+01  4.16869383e+05 -7.40635237e-01 
 4.26579519e+05  3.90641272e+01  4.26579519e+05 -7.51799996e-01 
 4.36515832e+05  3.89668556e+01  4.36515832e+05 -7.62967010e-01 
 4.46683592e+05  3.88672866e+01  4.46683592e+05 -7.74130009e-01 
 4.57088190e+05  3.87654200e+01  4.57088190e+05 -7.85282705e-01 
 4.67735141e+05  3.86612582e+01  4.67735141e+05 -7.96418816e-01 
 4.78630092e+05  3.85548060e+01  4.78630092e+05 -8.07532073e-01 
 4.89778819e+05  3.84460704e+01  4.89778819e+05 -8.18616243e-01 
 5.01187234e+05  3.83350611e+01  5.01187234e+05 -8.29665143e-01 
 5.12861384e+05  3.82217900e+01  5.12861384e+05 -8.40672651e-01 
 5.24807460e+05  3.81062713e+01  5.24807460e+05 -8.51632729e-01 
 5.37031796e+05  3.79885214e+01  5.37031796e+05 -8.62539427e-01 
 5.49540874e+05  3.78685591e+01  5.49540874e+05 -8.73386907e-01 
 5.62341325e+05  3.77464051e+01  5.62341325e+05 -8.84169450e-01 
 5.75439937e+05  3.76220823e+01  5.75439937e+05 -8.94881467e-01 
 5.88843655e+05  3.74956153e+01  5.88843655e+05 -9.05517516e-01 
 6.02559586e+05  3.73670308e+01  6.02559586e+05 -9.16072309e-01 
 6.16595002e+05  3.72363571e+01  6.16595002e+05 -9.26540721e-01 
 6.30957344e+05  3.71036242e+01  6.30957344e+05 -9.36917802e-01 
 6.45654229e+05  3.69688637e+01  6.45654229e+05 -9.47198781e-01 
 6.60693448e+05  3.68321085e+01  6.60693448e+05 -9.57379074e-01 
 6.76082975e+05  3.66933930e+01  6.76082975e+05 -9.67454292e-01 
 6.91830971e+05  3.65527525e+01  6.91830971e+05 -9.77420242e-01 
 7.07945784e+05  3.64102238e+01  7.07945784e+05 -9.87272935e-01 
 7.24435960e+05  3.62658443e+01  7.24435960e+05 -9.97008584e-01 
 7.41310241e+05  3.61196526e+01  7.41310241e+05 -1.00662361e+00 
 7.58577575e+05  3.59716878e+01  7.58577575e+05 -1.01611464e+00 
 7.76247117e+05  3.58219898e+01  7.76247117e+05 -1.02547851e+00 
 7.94328235e+05  3.56705990e+01  7.94328235e+05 -1.03471226e+00 
 8.12830516e+05  3.55175561e+01  8.12830516e+05 -1.04381314e+00 
 8.31763771e+05  3.53629024e+01  8.31763771e+05 -1.05277859e+00 
 8.51138038e+05  3.52066791e+01  8.51138038e+05 -1.06160628e+00 
 8.70963590e+05  3.50489280e+01  8.70963590e+05 -1.07029403e+00 
 8.91250938e+05  3.48896905e+01  8.91250938e+05 -1.07883990e+00 
 9.12010839e+05  3.47290083e+01  9.12010839e+05 -1.08724211e+00 
 9.33254301e+05  3.45669227e+01  9.33254301e+05 -1.09549906e+00 
 9.54992586e+05  3.44034751e+01  9.54992586e+05 -1.10360934e+00 
 9.77237221e+05  3.42387066e+01  9.77237221e+05 -1.11157171e+00 
 1.00000000e+06  3.40726578e+01  1.00000000e+06 -1.11938508e+00 
 1.02329299e+06  3.39053690e+01  1.02329299e+06 -1.12704854e+00 
 1.04712855e+06  3.37368803e+01  1.04712855e+06 -1.13456132e+00 
 1.07151931e+06  3.35672311e+01  1.07151931e+06 -1.14192279e+00 
 1.09647820e+06  3.33964603e+01  1.09647820e+06 -1.14913246e+00 
 1.12201845e+06  3.32246063e+01  1.12201845e+06 -1.15618999e+00 
 1.14815362e+06  3.30517069e+01  1.14815362e+06 -1.16309513e+00 
 1.17489755e+06  3.28777993e+01  1.17489755e+06 -1.16984778e+00 
 1.20226443e+06  3.27029199e+01  1.20226443e+06 -1.17644794e+00 
 1.23026877e+06  3.25271046e+01  1.23026877e+06 -1.18289569e+00 
 1.25892541e+06  3.23503886e+01  1.25892541e+06 -1.18919124e+00 
 1.28824955e+06  3.21728064e+01  1.28824955e+06 -1.19533487e+00 
 1.31825674e+06  3.19943916e+01  1.31825674e+06 -1.20132694e+00 
 1.34896288e+06  3.18151774e+01  1.34896288e+06 -1.20716791e+00 
 1.38038426e+06  3.16351960e+01  1.38038426e+06 -1.21285828e+00 
 1.41253754e+06  3.14544789e+01  1.41253754e+06 -1.21839864e+00 
 1.44543977e+06  3.12730572e+01  1.44543977e+06 -1.22378961e+00 
 1.47910839e+06  3.10909608e+01  1.47910839e+06 -1.22903190e+00 
 1.51356125e+06  3.09082193e+01  1.51356125e+06 -1.23412624e+00 
 1.54881662e+06  3.07248613e+01  1.54881662e+06 -1.23907340e+00 
 1.58489319e+06  3.05409148e+01  1.58489319e+06 -1.24387420e+00 
 1.62181010e+06  3.03564074e+01  1.62181010e+06 -1.24852948e+00 
 1.65958691e+06  3.01713655e+01  1.65958691e+06 -1.25304013e+00 
 1.69824365e+06  2.99858153e+01  1.69824365e+06 -1.25740703e+00 
 1.73780083e+06  2.97997821e+01  1.73780083e+06 -1.26163111e+00 
 1.77827941e+06  2.96132908e+01  1.77827941e+06 -1.26571329e+00 
 1.81970086e+06  2.94263655e+01  1.81970086e+06 -1.26965452e+00 
 1.86208714e+06  2.92390299e+01  1.86208714e+06 -1.27345575e+00 
 1.90546072e+06  2.90513069e+01  1.90546072e+06 -1.27711792e+00 
 1.94984460e+06  2.88632193e+01  1.94984460e+06 -1.28064200e+00 
 1.99526231e+06  2.86747889e+01  1.99526231e+06 -1.28402894e+00 
 2.04173794e+06  2.84860373e+01  2.04173794e+06 -1.28727969e+00 
 2.08929613e+06  2.82969855e+01  2.08929613e+06 -1.29039519e+00 
 2.13796209e+06  2.81076544e+01  2.13796209e+06 -1.29337637e+00 
 2.18776162e+06  2.79180640e+01  2.18776162e+06 -1.29622416e+00 
 2.23872114e+06  2.77282342e+01  2.23872114e+06 -1.29893947e+00 
 2.29086765e+06  2.75381844e+01  2.29086765e+06 -1.30152320e+00 
 2.34422882e+06  2.73479340e+01  2.34422882e+06 -1.30397621e+00 
 2.39883292e+06  2.71575016e+01  2.39883292e+06 -1.30629938e+00 
 2.45470892e+06  2.69669058e+01  2.45470892e+06 -1.30849355e+00 
 2.51188643e+06  2.67761650e+01  2.51188643e+06 -1.31055954e+00 
 2.57039578e+06  2.65852971e+01  2.57039578e+06 -1.31249816e+00 
 2.63026799e+06  2.63943202e+01  2.63026799e+06 -1.31431019e+00 
 2.69153480e+06  2.62032517e+01  2.69153480e+06 -1.31599638e+00 
 2.75422870e+06  2.60121094e+01  2.75422870e+06 -1.31755748e+00 
 2.81838293e+06  2.58209105e+01  2.81838293e+06 -1.31899420e+00 
 2.88403150e+06  2.56296724e+01  2.88403150e+06 -1.32030724e+00 
 2.95120923e+06  2.54384122e+01  2.95120923e+06 -1.32149726e+00 
 3.01995172e+06  2.52471473e+01  3.01995172e+06 -1.32256493e+00 
 3.09029543e+06  2.50558947e+01  3.09029543e+06 -1.32351086e+00 
 3.16227766e+06  2.48646716e+01  3.16227766e+06 -1.32433566e+00 
 3.23593657e+06  2.46734951e+01  3.23593657e+06 -1.32503992e+00 
 3.31131121e+06  2.44823826e+01  3.31131121e+06 -1.32562421e+00 
 3.38844156e+06  2.42913513e+01  3.38844156e+06 -1.32608908e+00 
 3.46736850e+06  2.41004187e+01  3.46736850e+06 -1.32643506e+00 
 3.54813389e+06  2.39096023e+01  3.54813389e+06 -1.32666266e+00 
 3.63078055e+06  2.37189197e+01  3.63078055e+06 -1.32677239e+00 
 3.71535229e+06  2.35283890e+01  3.71535229e+06 -1.32676474e+00 
 3.80189396e+06  2.33380281e+01  3.80189396e+06 -1.32664017e+00 
 3.89045145e+06  2.31478554e+01  3.89045145e+06 -1.32639917e+00 
 3.98107171e+06  2.29578895e+01  3.98107171e+06 -1.32604219e+00 
 4.07380278e+06  2.27681490e+01  4.07380278e+06 -1.32556969e+00 
 4.16869383e+06  2.25786532e+01  4.16869383e+06 -1.32498213e+00 
 4.26579519e+06  2.23894214e+01  4.26579519e+06 -1.32427997e+00 
 4.36515832e+06  2.22004734e+01  4.36515832e+06 -1.32346365e+00 
 4.46683592e+06  2.20118294e+01  4.46683592e+06 -1.32253366e+00 
 4.57088190e+06  2.18235097e+01  4.57088190e+06 -1.32149046e+00 
 4.67735141e+06  2.16355353e+01  4.67735141e+06 -1.32033454e+00 
 4.78630092e+06  2.14479273e+01  4.78630092e+06 -1.31906642e+00 
 4.89778819e+06  2.12607075e+01  4.89778819e+06 -1.31768662e+00 
 5.01187234e+06  2.10738981e+01  5.01187234e+06 -1.31619570e+00 
 5.12861384e+06  2.08875215e+01  5.12861384e+06 -1.31459423e+00 
 5.24807460e+06  2.07016009e+01  5.24807460e+06 -1.31288283e+00 
 5.37031796e+06  2.05161596e+01  5.37031796e+06 -1.31106216e+00 
 5.49540874e+06  2.03312217e+01  5.49540874e+06 -1.30913292e+00 
 5.62341325e+06  2.01468117e+01  5.62341325e+06 -1.30709584e+00 
 5.75439937e+06  1.99629545e+01  5.75439937e+06 -1.30495173e+00 
 5.88843655e+06  1.97796755e+01  5.88843655e+06 -1.30270146e+00 
 6.02559586e+06  1.95970007e+01  6.02559586e+06 -1.30034593e+00 
 6.16595002e+06  1.94149565e+01  6.16595002e+06 -1.29788616e+00 
 6.30957344e+06  1.92335698e+01  6.30957344e+06 -1.29532320e+00 
 6.45654229e+06  1.90528680e+01  6.45654229e+06 -1.29265821e+00 
 6.60693448e+06  1.88728789e+01  6.60693448e+06 -1.28989245e+00 
 6.76082975e+06  1.86936308e+01  6.76082975e+06 -1.28702724e+00 
 6.91830971e+06  1.85151524e+01  6.91830971e+06 -1.28406403e+00 
 7.07945784e+06  1.83374728e+01  7.07945784e+06 -1.28100437e+00 
 7.24435960e+06  1.81606215e+01  7.24435960e+06 -1.27784993e+00 
 7.41310241e+06  1.79846283e+01  7.41310241e+06 -1.27460250e+00 
 7.58577575e+06  1.78095233e+01  7.58577575e+06 -1.27126399e+00 
 7.76247117e+06  1.76353370e+01  7.76247117e+06 -1.26783648e+00 
 7.94328235e+06  1.74620999e+01  7.94328235e+06 -1.26432215e+00 
 8.12830516e+06  1.72898429e+01  8.12830516e+06 -1.26072336e+00 
 8.31763771e+06  1.71185969e+01  8.31763771e+06 -1.25704261e+00 
 8.51138038e+06  1.69483928e+01  8.51138038e+06 -1.25328257e+00 
 8.70963590e+06  1.67792615e+01  8.70963590e+06 -1.24944609e+00 
 8.91250938e+06  1.66112340e+01  8.91250938e+06 -1.24553618e+00 
 9.12010839e+06  1.64443410e+01  9.12010839e+06 -1.24155604e+00 
 9.33254301e+06  1.62786129e+01  9.33254301e+06 -1.23750904e+00 
 9.54992586e+06  1.61140799e+01  9.54992586e+06 -1.23339876e+00 
 9.77237221e+06  1.59507717e+01  9.77237221e+06 -1.22922897e+00 
 1.00000000e+07  1.57887175e+01  1.00000000e+07 -1.22500365e+00 
 1.02329299e+07  1.56279460e+01  1.02329299e+07 -1.22072695e+00 
 1.04712855e+07  1.54684849e+01  1.04712855e+07 -1.21640326e+00 
 1.07151931e+07  1.53103613e+01  1.07151931e+07 -1.21203716e+00 
 1.09647820e+07  1.51536012e+01  1.09647820e+07 -1.20763344e+00 
 1.12201845e+07  1.49982297e+01  1.12201845e+07 -1.20319710e+00 
 1.14815362e+07  1.48442706e+01  1.14815362e+07 -1.19873335e+00 
 1.17489755e+07  1.46917463e+01  1.17489755e+07 -1.19424759e+00 
 1.20226443e+07  1.45406777e+01  1.20226443e+07 -1.18974545e+00 
 1.23026877e+07  1.43910845e+01  1.23026877e+07 -1.18523273e+00 
 1.25892541e+07  1.42429843e+01  1.25892541e+07 -1.18071545e+00 
 1.28824955e+07  1.40963929e+01  1.28824955e+07 -1.17619980e+00 
 1.31825674e+07  1.39513244e+01  1.31825674e+07 -1.17169216e+00 
 1.34896288e+07  1.38077905e+01  1.34896288e+07 -1.16719908e+00 
 1.38038426e+07  1.36658009e+01  1.38038426e+07 -1.16272728e+00 
 1.41253754e+07  1.35253627e+01  1.41253754e+07 -1.15828361e+00 
 1.44543977e+07  1.33864808e+01  1.44543977e+07 -1.15387508e+00 
 1.47910839e+07  1.32491575e+01  1.47910839e+07 -1.14950884e+00 
 1.51356125e+07  1.31133921e+01  1.51356125e+07 -1.14519212e+00 
 1.54881662e+07  1.29791816e+01  1.54881662e+07 -1.14093227e+00 
 1.58489319e+07  1.28465197e+01  1.58489319e+07 -1.13673672e+00 
 1.62181010e+07  1.27153974e+01  1.62181010e+07 -1.13261297e+00 
 1.65958691e+07  1.25858025e+01  1.65958691e+07 -1.12856853e+00 
 1.69824365e+07  1.24577199e+01  1.69824365e+07 -1.12461099e+00 
 1.73780083e+07  1.23311312e+01  1.73780083e+07 -1.12074791e+00 
 1.77827941e+07  1.22060148e+01  1.77827941e+07 -1.11698684e+00 
 1.81970086e+07  1.20823459e+01  1.81970086e+07 -1.11333531e+00 
 1.86208714e+07  1.19600964e+01  1.86208714e+07 -1.10980079e+00 
 1.90546072e+07  1.18392352e+01  1.90546072e+07 -1.10639065e+00 
 1.94984460e+07  1.17197276e+01  1.94984460e+07 -1.10311219e+00 
 1.99526231e+07  1.16015360e+01  1.99526231e+07 -1.09997256e+00 
 2.04173794e+07  1.14846194e+01  2.04173794e+07 -1.09697879e+00 
 2.08929613e+07  1.13689338e+01  2.08929613e+07 -1.09413771e+00 
 2.13796209e+07  1.12544321e+01  2.13796209e+07 -1.09145599e+00 
 2.18776162e+07  1.11410641e+01  2.18776162e+07 -1.08894008e+00 
 2.23872114e+07  1.10287770e+01  2.23872114e+07 -1.08659618e+00 
 2.29086765e+07  1.09175147e+01  2.29086765e+07 -1.08443026e+00 
 2.34422882e+07  1.08072190e+01  2.34422882e+07 -1.08244800e+00 
 2.39883292e+07  1.06978287e+01  2.39883292e+07 -1.08065480e+00 
 2.45470892e+07  1.05892804e+01  2.45470892e+07 -1.07905573e+00 
 2.51188643e+07  1.04815084e+01  2.51188643e+07 -1.07765557e+00 
 2.57039578e+07  1.03744449e+01  2.57039578e+07 -1.07645872e+00 
 2.63026799e+07  1.02680201e+01  2.63026799e+07 -1.07546923e+00 
 2.69153480e+07  1.01621625e+01  2.69153480e+07 -1.07469079e+00 
 2.75422870e+07  1.00567991e+01  2.75422870e+07 -1.07412670e+00 
 2.81838293e+07  9.95185540e+00  2.81838293e+07 -1.07377987e+00 
 2.88403150e+07  9.84725578e+00  2.88403150e+07 -1.07365279e+00 
 2.95120923e+07  9.74292367e+00  2.95120923e+07 -1.07374756e+00 
 3.01995172e+07  9.63878172e+00  3.01995172e+07 -1.07406584e+00 
 3.09029543e+07  9.53475203e+00  3.09029543e+07 -1.07460890e+00 
 3.16227766e+07  9.43075639e+00  3.16227766e+07 -1.07537756e+00 
 3.23593657e+07  9.32671645e+00  3.23593657e+07 -1.07637222e+00 
 3.31131121e+07  9.22255399e+00  3.31131121e+07 -1.07759284e+00 
 3.38844156e+07  9.11819108e+00  3.38844156e+07 -1.07903899e+00 
 3.46736850e+07  9.01355035e+00  3.46736850e+07 -1.08070978e+00 
 3.54813389e+07  8.90855516e+00  3.54813389e+07 -1.08260393e+00 
 3.63078055e+07  8.80312983e+00  3.63078055e+07 -1.08471975e+00 
 3.71535229e+07  8.69719986e+00  3.71535229e+07 -1.08705513e+00 
 3.80189396e+07  8.59069209e+00  3.80189396e+07 -1.08960758e+00 
 3.89045145e+07  8.48353491e+00  3.89045145e+07 -1.09237424e+00 
 3.98107171e+07  8.37565848e+00  3.98107171e+07 -1.09535187e+00 
 4.07380278e+07  8.26699485e+00  4.07380278e+07 -1.09853688e+00 
 4.16869383e+07  8.15747816e+00  4.16869383e+07 -1.10192533e+00 
 4.26579519e+07  8.04704483e+00  4.26579519e+07 -1.10551299e+00 
 4.36515832e+07  7.93563363e+00  4.36515832e+07 -1.10929529e+00 
 4.46683592e+07  7.82318591e+00  4.46683592e+07 -1.11326739e+00 
 4.57088190e+07  7.70964565e+00  4.57088190e+07 -1.11742418e+00 
 4.67735141e+07  7.59495964e+00  4.67735141e+07 -1.12176031e+00 
 4.78630092e+07  7.47907751e+00  4.78630092e+07 -1.12627020e+00 
 4.89778819e+07  7.36195189e+00  4.89778819e+07 -1.13094807e+00 
 5.01187234e+07  7.24353846e+00  5.01187234e+07 -1.13578794e+00 
 5.12861384e+07  7.12379598e+00  5.12861384e+07 -1.14078371e+00 
 5.24807460e+07  7.00268638e+00  5.24807460e+07 -1.14592911e+00 
 5.37031796e+07  6.88017478e+00  5.37031796e+07 -1.15121776e+00 
 5.49540874e+07  6.75622952e+00  5.49540874e+07 -1.15664321e+00 
 5.62341325e+07  6.63082215e+00  5.62341325e+07 -1.16219891e+00 
 5.75439937e+07  6.50392743e+00  5.75439937e+07 -1.16787831e+00 
 5.88843655e+07  6.37552331e+00  5.88843655e+07 -1.17367478e+00 
 6.02559586e+07  6.24559092e+00  6.02559586e+07 -1.17958175e+00 
 6.16595002e+07  6.11411449e+00  6.16595002e+07 -1.18559262e+00 
 6.30957344e+07  5.98108133e+00  6.30957344e+07 -1.19170085e+00 
 6.45654229e+07  5.84648174e+00  6.45654229e+07 -1.19789996e+00 
 6.60693448e+07  5.71030893e+00  6.60693448e+07 -1.20418355e+00 
 6.76082975e+07  5.57255895e+00  6.76082975e+07 -1.21054532e+00 
 6.91830971e+07  5.43323061e+00  6.91830971e+07 -1.21697906e+00 
 7.07945784e+07  5.29232534e+00  7.07945784e+07 -1.22347872e+00 
 7.24435960e+07  5.14984709e+00  7.24435960e+07 -1.23003837e+00 
 7.41310241e+07  5.00580225e+00  7.41310241e+07 -1.23665225e+00 
 7.58577575e+07  4.86019948e+00  7.58577575e+07 -1.24331478e+00 
 7.76247117e+07  4.71304962e+00  7.76247117e+07 -1.25002053e+00 
 7.94328235e+07  4.56436556e+00  7.94328235e+07 -1.25676428e+00 
 8.12830516e+07  4.41416209e+00  8.12830516e+07 -1.26354102e+00 
 8.31763771e+07  4.26245578e+00  8.31763771e+07 -1.27034593e+00 
 8.51138038e+07  4.10926484e+00  8.51138038e+07 -1.27717442e+00 
 8.70963590e+07  3.95460903e+00  8.70963590e+07 -1.28402209e+00 
 8.91250938e+07  3.79850945e+00  8.91250938e+07 -1.29088481e+00 
 9.12010839e+07  3.64098847e+00  9.12010839e+07 -1.29775863e+00 
 9.33254301e+07  3.48206959e+00  9.33254301e+07 -1.30463987e+00 
 9.54992586e+07  3.32177731e+00  9.54992586e+07 -1.31152505e+00 
 9.77237221e+07  3.16013698e+00  9.77237221e+07 -1.31841094e+00 
 1.00000000e+08  2.99717474e+00  1.00000000e+08 -1.32529453e+00 
 1.02329299e+08  2.83291735e+00  1.02329299e+08 -1.33217305e+00 
 1.04712855e+08  2.66739210e+00  1.04712855e+08 -1.33904395e+00 
 1.07151931e+08  2.50062672e+00  1.07151931e+08 -1.34590491e+00 
 1.09647820e+08  2.33264923e+00  1.09647820e+08 -1.35275382e+00 
 1.12201845e+08  2.16348791e+00  1.12201845e+08 -1.35958882e+00 
 1.14815362e+08  1.99317116e+00  1.14815362e+08 -1.36640822e+00 
 1.17489755e+08  1.82172741e+00  1.17489755e+08 -1.37321058e+00 
 1.20226443e+08  1.64918508e+00  1.20226443e+08 -1.37999464e+00 
 1.23026877e+08  1.47557246e+00  1.23026877e+08 -1.38675934e+00 
 1.25892541e+08  1.30091766e+00  1.25892541e+08 -1.39350383e+00 
 1.28824955e+08  1.12524855e+00  1.28824955e+08 -1.40022743e+00 
 1.31825674e+08  9.48592698e-01  1.31825674e+08 -1.40692965e+00 
 1.34896288e+08  7.70977279e-01  1.34896288e+08 -1.41361019e+00 
 1.38038426e+08  5.92429072e-01  1.38038426e+08 -1.42026890e+00 
 1.41253754e+08  4.12974382e-01  1.41253754e+08 -1.42690579e+00 
 1.44543977e+08  2.32639011e-01  1.44543977e+08 -1.43352105e+00 
 1.47910839e+08  5.14482120e-02  1.47910839e+08 -1.44011501e+00 
 1.51356125e+08 -1.30573343e-01  1.51356125e+08 -1.44668813e+00 
 1.54881662e+08 -3.13401592e-01  1.54881662e+08 -1.45324105e+00 
 1.58489319e+08 -4.97013117e-01  1.58489319e+08 -1.45977450e+00 
 1.62181010e+08 -6.81385159e-01  1.62181010e+08 -1.46628936e+00 
 1.65958691e+08 -8.66495650e-01  1.65958691e+08 -1.47278663e+00 
 1.69824365e+08 -1.05232322e+00  1.69824365e+08 -1.47926743e+00 
 1.73780083e+08 -1.23884722e+00  1.73780083e+08 -1.48573298e+00 
 1.77827941e+08 -1.42604775e+00  1.77827941e+08 -1.49218461e+00 
 1.81970086e+08 -1.61390562e+00  1.81970086e+08 -1.49862377e+00 
 1.86208714e+08 -1.80240243e+00  1.86208714e+08 -1.50505197e+00 
 1.90546072e+08 -1.99152052e+00  1.90546072e+08 -1.51147084e+00 
 1.94984460e+08 -2.18124300e+00  1.94984460e+08 -1.51788210e+00 
 1.99526231e+08 -2.37155376e+00  1.99526231e+08 -1.52428753e+00 
 2.04173794e+08 -2.56243745e+00  2.04173794e+08 -1.53068901e+00 
 2.08929613e+08 -2.75387951e+00  2.08929613e+08 -1.53708847e+00 
 2.13796209e+08 -2.94586616e+00  2.13796209e+08 -1.54348795e+00 
 2.18776162e+08 -3.13838438e+00  2.18776162e+08 -1.54988953e+00 
 2.23872114e+08 -3.33142195e+00  2.23872114e+08 -1.55629535e+00 
 2.29086765e+08 -3.52496741e+00  2.29086765e+08 -1.56270763e+00 
 2.34422882e+08 -3.71901008e+00  2.34422882e+08 -1.56912865e+00 
 2.39883292e+08 -3.91354007e+00  2.39883292e+08 -1.57556072e+00 
 2.45470892e+08 -4.10854823e+00  2.45470892e+08 -1.58200622e+00 
 2.51188643e+08 -4.30402621e+00  2.51188643e+08 -1.58846759e+00 
 2.57039578e+08 -4.49996642e+00  2.57039578e+08 -1.59494731e+00 
 2.63026799e+08 -4.69636203e+00  2.63026799e+08 -1.60144788e+00 
 2.69153480e+08 -4.89320699e+00  2.69153480e+08 -1.60797189e+00 
 2.75422870e+08 -5.09049599e+00  2.75422870e+08 -1.61452194e+00 
 2.81838293e+08 -5.28822452e+00  2.81838293e+08 -1.62110068e+00 
 2.88403150e+08 -5.48638880e+00  2.88403150e+08 -1.62771078e+00 
 2.95120923e+08 -5.68498582e+00  2.95120923e+08 -1.63435498e+00 
 3.01995172e+08 -5.88401334e+00  3.01995172e+08 -1.64103602e+00 
 3.09029543e+08 -6.08346988e+00  3.09029543e+08 -1.64775670e+00 
 3.16227766e+08 -6.28335472e+00  3.16227766e+08 -1.65451982e+00 
 3.23593657e+08 -6.48366791e+00  3.23593657e+08 -1.66132824e+00 
 3.31131121e+08 -6.68441028e+00  3.31131121e+08 -1.66818483e+00 
 3.38844156e+08 -6.88558340e+00  3.38844156e+08 -1.67509248e+00 
 3.46736850e+08 -7.08718964e+00  3.46736850e+08 -1.68205413e+00 
 3.54813389e+08 -7.28923215e+00  3.54813389e+08 -1.68907273e+00 
 3.63078055e+08 -7.49171484e+00  3.63078055e+08 -1.69615123e+00 
 3.71535229e+08 -7.69464243e+00  3.71535229e+08 -1.70329262e+00 
 3.80189396e+08 -7.89802043e+00  3.80189396e+08 -1.71049993e+00 
 3.89045145e+08 -8.10185514e+00  3.89045145e+08 -1.71777616e+00 
 3.98107171e+08 -8.30615369e+00  3.98107171e+08 -1.72512436e+00 
 4.07380278e+08 -8.51092400e+00  4.07380278e+08 -1.73254759e+00 
 4.16869383e+08 -8.71617482e+00  4.16869383e+08 -1.74004890e+00 
 4.26579519e+08 -8.92191576e+00  4.26579519e+08 -1.74763136e+00 
 4.36515832e+08 -9.12815722e+00  4.36515832e+08 -1.75529807e+00 
 4.46683592e+08 -9.33491050e+00  4.46683592e+08 -1.76305211e+00 
 4.57088190e+08 -9.54218774e+00  4.57088190e+08 -1.77089657e+00 
 4.67735141e+08 -9.75000193e+00  4.67735141e+08 -1.77883454e+00 
 4.78630092e+08 -9.95836697e+00  4.78630092e+08 -1.78686912e+00 
 4.89778819e+08 -1.01672976e+01  4.89778819e+08 -1.79500339e+00 
 5.01187234e+08 -1.03768096e+01  5.01187234e+08 -1.80324044e+00 
 5.12861384e+08 -1.05869195e+01  5.12861384e+08 -1.81158334e+00 
 5.24807460e+08 -1.07976448e+01  5.24807460e+08 -1.82003515e+00 
 5.37031796e+08 -1.10090040e+01  5.37031796e+08 -1.82859892e+00 
 5.49540874e+08 -1.12210165e+01  5.49540874e+08 -1.83727768e+00 
 5.62341325e+08 -1.14337025e+01  5.62341325e+08 -1.84607443e+00 
 5.75439937e+08 -1.16470834e+01  5.75439937e+08 -1.85499216e+00 
 5.88843655e+08 -1.18611815e+01  5.88843655e+08 -1.86403381e+00 
 6.02559586e+08 -1.20760200e+01  6.02559586e+08 -1.87320230e+00 
 6.16595002e+08 -1.22916231e+01  6.16595002e+08 -1.88250052e+00 
 6.30957344e+08 -1.25080161e+01  6.30957344e+08 -1.89193131e+00 
 6.45654229e+08 -1.27252251e+01  6.45654229e+08 -1.90149744e+00 
 6.60693448e+08 -1.29432773e+01  6.60693448e+08 -1.91120167e+00 
 6.76082975e+08 -1.31622008e+01  6.76082975e+08 -1.92104667e+00 
 6.91830971e+08 -1.33820250e+01  6.91830971e+08 -1.93103506e+00 
 7.07945784e+08 -1.36027798e+01  7.07945784e+08 -1.94116940e+00 
 7.24435960e+08 -1.38244965e+01  7.24435960e+08 -1.95145216e+00 
 7.41310241e+08 -1.40472071e+01  7.41310241e+08 -1.96188575e+00 
 7.58577575e+08 -1.42709447e+01  7.58577575e+08 -1.97247247e+00 
 7.76247117e+08 -1.44957433e+01  7.76247117e+08 -1.98321455e+00 
 7.94328235e+08 -1.47216378e+01  7.94328235e+08 -1.99411411e+00 
 8.12830516e+08 -1.49486641e+01  8.12830516e+08 -2.00517318e+00 
 8.31763771e+08 -1.51768588e+01  8.31763771e+08 -2.01639365e+00 
 8.51138038e+08 -1.54062595e+01  8.51138038e+08 -2.02777733e+00 
 8.70963590e+08 -1.56369047e+01  8.70963590e+08 -2.03932588e+00 
 8.91250938e+08 -1.58688334e+01  8.91250938e+08 -2.05104083e+00 
 9.12010839e+08 -1.61020856e+01  9.12010839e+08 -2.06292358e+00 
 9.33254301e+08 -1.63367019e+01  9.33254301e+08 -2.07497540e+00 
 9.54992586e+08 -1.65727236e+01  9.54992586e+08 -2.08719737e+00 
 9.77237221e+08 -1.68101924e+01  9.77237221e+08 -2.09959045e+00 
 1.00000000e+09 -1.70491508e+01  1.00000000e+09 -2.11215543e+00 
 1.02329299e+09 -1.72896416e+01  1.02329299e+09 -2.12489291e+00 
 1.04712855e+09 -1.75317080e+01  1.04712855e+09 -2.13780333e+00 
 1.07151931e+09 -1.77753937e+01  1.07151931e+09 -2.15088696e+00 
 1.09647820e+09 -1.80207424e+01  1.09647820e+09 -2.16414386e+00 
 1.12201845e+09 -1.82677981e+01  1.12201845e+09 -2.17757391e+00 
 1.14815362e+09 -1.85166049e+01  1.14815362e+09 -2.19117682e+00 
 1.17489755e+09 -1.87672068e+01  1.17489755e+09 -2.20495205e+00 
 1.20226443e+09 -1.90196478e+01  1.20226443e+09 -2.21889891e+00 
 1.23026877e+09 -1.92739715e+01  1.23026877e+09 -2.23301648e+00 
 1.25892541e+09 -1.95302213e+01  1.25892541e+09 -2.24730363e+00 
 1.28824955e+09 -1.97884403e+01  1.28824955e+09 -2.26175904e+00 
 1.31825674e+09 -2.00486709e+01  1.31825674e+09 -2.27638117e+00 
 1.34896288e+09 -2.03109549e+01  1.34896288e+09 -2.29116829e+00 
 1.38038426e+09 -2.05753334e+01  1.38038426e+09 -2.30611845e+00 
 1.41253754e+09 -2.08418465e+01  1.41253754e+09 -2.32122949e+00 
 1.44543977e+09 -2.11105336e+01  1.44543977e+09 -2.33649908e+00 
 1.47910839e+09 -2.13814326e+01  1.47910839e+09 -2.35192465e+00 
 1.51356125e+09 -2.16545807e+01  1.51356125e+09 -2.36750348e+00 
 1.54881662e+09 -2.19300133e+01  1.54881662e+09 -2.38323265e+00 
 1.58489319e+09 -2.22077647e+01  1.58489319e+09 -2.39910904e+00 
 1.62181010e+09 -2.24878677e+01  1.62181010e+09 -2.41512938e+00 
 1.65958691e+09 -2.27703531e+01  1.65958691e+09 -2.43129025e+00 
 1.69824365e+09 -2.30552505e+01  1.69824365e+09 -2.44758803e+00 
 1.73780083e+09 -2.33425873e+01  1.73780083e+09 -2.46401899e+00 
 1.77827941e+09 -2.36323893e+01  1.77827941e+09 -2.48057926e+00 
 1.81970086e+09 -2.39246799e+01  1.81970086e+09 -2.49726484e+00 
 1.86208714e+09 -2.42194810e+01  1.86208714e+09 -2.51407161e+00 
 1.90546072e+09 -2.45168121e+01  1.90546072e+09 -2.53099537e+00 
 1.94984460e+09 -2.48166904e+01  1.94984460e+09 -2.54803181e+00 
 1.99526231e+09 -2.51191311e+01  1.99526231e+09 -2.56517655e+00 
 2.04173794e+09 -2.54241472e+01  2.04173794e+09 -2.58242516e+00 
 2.08929613e+09 -2.57317493e+01  2.08929613e+09 -2.59977314e+00 
 2.13796209e+09 -2.60419456e+01  2.13796209e+09 -2.61721597e+00 
 2.18776162e+09 -2.63547422e+01  2.18776162e+09 -2.63474910e+00 
 2.23872114e+09 -2.66701426e+01  2.23872114e+09 -2.65236794e+00 
 2.29086765e+09 -2.69881482e+01  2.29086765e+09 -2.67006795e+00 
 2.34422882e+09 -2.73087579e+01  2.34422882e+09 -2.68784456e+00 
 2.39883292e+09 -2.76319683e+01  2.39883292e+09 -2.70569325e+00 
 2.45470892e+09 -2.79577739e+01  2.45470892e+09 -2.72360950e+00 
 2.51188643e+09 -2.82861666e+01  2.51188643e+09 -2.74158886e+00 
 2.57039578e+09 -2.86171364e+01  2.57039578e+09 -2.75962693e+00 
 2.63026799e+09 -2.89506707e+01  2.63026799e+09 -2.77771936e+00 
 2.69153480e+09 -2.92867550e+01  2.69153480e+09 -2.79586187e+00 
 2.75422870e+09 -2.96253726e+01  2.75422870e+09 -2.81405026e+00 
 2.81838293e+09 -2.99665046e+01  2.81838293e+09 -2.83228041e+00 
 2.88403150e+09 -3.03101301e+01  2.88403150e+09 -2.85054828e+00 
 2.95120923e+09 -3.06562262e+01  2.95120923e+09 -2.86884991e+00 
 3.01995172e+09 -3.10047680e+01  3.01995172e+09 -2.88718146e+00 
 3.09029543e+09 -3.13557284e+01  3.09029543e+09 -2.90553915e+00 
 3.16227766e+09 -3.17090788e+01  3.16227766e+09 -2.92391933e+00 
 3.23593657e+09 -3.20647883e+01  3.23593657e+09 -2.94231843e+00 
 3.31131121e+09 -3.24228243e+01  3.31131121e+09 -2.96073296e+00 
 3.38844156e+09 -3.27831522e+01  3.38844156e+09 -2.97915955e+00 
 3.46736850e+09 -3.31457358e+01  3.46736850e+09 -2.99759492e+00 
 3.54813389e+09 -3.35105367e+01  3.54813389e+09 -3.01603587e+00 
 3.63078055e+09 -3.38775147e+01  3.63078055e+09 -3.03447930e+00 
 3.71535229e+09 -3.42466279e+01  3.71535229e+09 -3.05292220e+00 
 3.80189396e+09 -3.46178322e+01  3.80189396e+09 -3.07136163e+00 
 3.89045145e+09 -3.49910818e+01  3.89045145e+09 -3.08979477e+00 
 3.98107171e+09 -3.53663286e+01  3.98107171e+09 -3.10821883e+00 
 4.07380278e+09 -3.57435228e+01  4.07380278e+09 -3.12663113e+00 
 4.16869383e+09 -3.61226122e+01  4.16869383e+09  3.13815624e+00 
 4.26579519e+09 -3.65035425e+01  4.26579519e+09  3.11977521e+00 
 4.36515832e+09 -3.68862572e+01  4.36515832e+09  3.10141355e+00 
 4.46683592e+09 -3.72706975e+01  4.46683592e+09  3.08307363e+00 
 4.57088190e+09 -3.76568020e+01  4.57088190e+09  3.06475778e+00 
 4.67735141e+09 -3.80445070e+01  4.67735141e+09  3.04646823e+00 
 4.78630092e+09 -3.84337460e+01  4.78630092e+09  3.02820713e+00 
 4.89778819e+09 -3.88244498e+01  4.89778819e+09  3.00997657e+00 
 5.01187234e+09 -3.92165466e+01  5.01187234e+09  2.99177852e+00 
 5.12861384e+09 -3.96099614e+01  5.12861384e+09  2.97361487e+00 
 5.24807460e+09 -4.00046163e+01  5.24807460e+09  2.95548742e+00 
 5.37031796e+09 -4.04004304e+01  5.37031796e+09  2.93739785e+00 
 5.49540874e+09 -4.07973193e+01  5.49540874e+09  2.91934771e+00 
 5.62341325e+09 -4.11951957e+01  5.62341325e+09  2.90133843e+00 
 5.75439937e+09 -4.15939685e+01  5.75439937e+09  2.88337130e+00 
 5.88843655e+09 -4.19935435e+01  5.88843655e+09  2.86544744e+00 
 6.02559586e+09 -4.23938228e+01  6.02559586e+09  2.84756781e+00 
 6.16595002e+09 -4.27947051e+01  6.16595002e+09  2.82973317e+00 
 6.30957344e+09 -4.31960855e+01  6.30957344e+09  2.81194407e+00 
 6.45654229e+09 -4.35978554e+01  6.45654229e+09  2.79420086e+00 
 6.60693448e+09 -4.39999028e+01  6.60693448e+09  2.77650364e+00 
 6.76082975e+09 -4.44021121e+01  6.76082975e+09  2.75885223e+00 
 6.91830971e+09 -4.48043643e+01  6.91830971e+09  2.74124621e+00 
 7.07945784e+09 -4.52065369e+01  7.07945784e+09  2.72368483e+00 
 7.24435960e+09 -4.56085042e+01  7.24435960e+09  2.70616705e+00 
 7.41310241e+09 -4.60101374e+01  7.41310241e+09  2.68869149e+00 
 7.58577575e+09 -4.64113044e+01  7.58577575e+09  2.67125642e+00 
 7.76247117e+09 -4.68118706e+01  7.76247117e+09  2.65385977e+00 
 7.94328235e+09 -4.72116987e+01  7.94328235e+09  2.63649908e+00 
 8.12830516e+09 -4.76106489e+01  8.12830516e+09  2.61917151e+00 
 8.31763771e+09 -4.80085794e+01  8.31763771e+09  2.60187382e+00 
 8.51138038e+09 -4.84053466e+01  8.51138038e+09  2.58460239e+00 
 8.70963590e+09 -4.88008051e+01  8.70963590e+09  2.56735317e+00 
 8.91250938e+09 -4.91948086e+01  8.91250938e+09  2.55012175e+00 
 9.12010839e+09 -4.95872098e+01  9.12010839e+09  2.53290328e+00 
 9.33254301e+09 -4.99778610e+01  9.33254301e+09  2.51569254e+00 
 9.54992586e+09 -5.03666142e+01  9.54992586e+09  2.49848394e+00 
 9.77237221e+09 -5.07533219e+01  9.77237221e+09  2.48127151e+00 
 1.00000000e+10 -5.11378371e+01  1.00000000e+10  2.46404895e+00 
 1.02329299e+10 -5.15200139e+01  1.02329299e+10  2.44680963e+00 
 1.04712855e+10 -5.18997080e+01  1.04712855e+10  2.42954664e+00 
 1.07151931e+10 -5.22767767e+01  1.07151931e+10  2.41225279e+00 
 1.09647820e+10 -5.26510797e+01  1.09647820e+10  2.39492068e+00 
 1.12201845e+10 -5.30224794e+01  1.12201845e+10  2.37754273e+00 
 1.14815362e+10 -5.33908411e+01  1.14815362e+10  2.36011121e+00 
 1.17489755e+10 -5.37560334e+01  1.17489755e+10  2.34261829e+00 
 1.20226443e+10 -5.41179287e+01  1.20226443e+10  2.32505610e+00 
 1.23026877e+10 -5.44764031e+01  1.23026877e+10  2.30741678e+00 
 1.25892541e+10 -5.48313372e+01  1.25892541e+10  2.28969250e+00 
 1.28824955e+10 -5.51826160e+01  1.28824955e+10  2.27187558e+00 
 1.31825674e+10 -5.55301291e+01  1.31825674e+10  2.25395847e+00 
 1.34896288e+10 -5.58737710e+01  1.34896288e+10  2.23593387e+00 
 1.38038426e+10 -5.62134414e+01  1.38038426e+10  2.21779473e+00 
 1.41253754e+10 -5.65490450e+01  1.41253754e+10  2.19953434e+00 
 1.44543977e+10 -5.68804916e+01  1.44543977e+10  2.18114638e+00 
 1.47910839e+10 -5.72076968e+01  1.47910839e+10  2.16262495e+00 
 1.51356125e+10 -5.75305809e+01  1.51356125e+10  2.14396462e+00 
 1.54881662e+10 -5.78490701e+01  1.54881662e+10  2.12516051e+00 
 1.58489319e+10 -5.81630956e+01  1.58489319e+10  2.10620827e+00 
 1.62181010e+10 -5.84725941e+01  1.62181010e+10  2.08710418e+00 
 1.65958691e+10 -5.87775072e+01  1.65958691e+10  2.06784514e+00 
 1.69824365e+10 -5.90777821e+01  1.69824365e+10  2.04842872e+00 
 1.73780083e+10 -5.93733706e+01  1.73780083e+10  2.02885315e+00 
 1.77827941e+10 -5.96642298e+01  1.77827941e+10  2.00911740e+00 
 1.81970086e+10 -5.99503214e+01  1.81970086e+10  1.98922114e+00 
 1.86208714e+10 -6.02316120e+01  1.86208714e+10  1.96916477e+00 
 1.90546072e+10 -6.05080726e+01  1.90546072e+10  1.94894943e+00 
 1.94984460e+10 -6.07796788e+01  1.94984460e+10  1.92857697e+00 
 1.99526231e+10 -6.10464104e+01  1.99526231e+10  1.90805000e+00 
 2.04173794e+10 -6.13082516e+01  2.04173794e+10  1.88737182e+00 
 2.08929613e+10 -6.15651904e+01  2.08929613e+10  1.86654646e+00 
 2.13796209e+10 -6.18172189e+01  2.13796209e+10  1.84557861e+00 
 2.18776162e+10 -6.20643332e+01  2.18776162e+10  1.82447364e+00 
 2.23872114e+10 -6.23065329e+01  2.23872114e+10  1.80323757e+00 
 2.29086765e+10 -6.25438212e+01  2.29086765e+10  1.78187702e+00 
 2.34422882e+10 -6.27762051e+01  2.34422882e+10  1.76039918e+00 
 2.39883292e+10 -6.30036947e+01  2.39883292e+10  1.73881182e+00 
 2.45470892e+10 -6.32263037e+01  2.45470892e+10  1.71712320e+00 
 2.51188643e+10 -6.34440490e+01  2.51188643e+10  1.69534208e+00 
 2.57039578e+10 -6.36569505e+01  2.57039578e+10  1.67347762e+00 
 2.63026799e+10 -6.38650316e+01  2.63026799e+10  1.65153942e+00 
 2.69153480e+10 -6.40683182e+01  2.69153480e+10  1.62953742e+00 
 2.75422870e+10 -6.42668397e+01  2.75422870e+10  1.60748185e+00 
 2.81838293e+10 -6.44606280e+01  2.81838293e+10  1.58538326e+00 
 2.88403150e+10 -6.46497182e+01  2.88403150e+10  1.56325240e+00 
 2.95120923e+10 -6.48341478e+01  2.95120923e+10  1.54110022e+00 
 3.01995172e+10 -6.50139573e+01  3.01995172e+10  1.51893780e+00 
 3.09029543e+10 -6.51891895e+01  3.09029543e+10  1.49677636e+00 
 3.16227766e+10 -6.53598902e+01  3.16227766e+10  1.47462717e+00 
 3.23593657e+10 -6.55261073e+01  3.23593657e+10  1.45250150e+00 
 3.31131121e+10 -6.56878912e+01  3.31131121e+10  1.43041066e+00 
 3.38844156e+10 -6.58452947e+01  3.38844156e+10  1.40836586e+00 
 3.46736850e+10 -6.59983728e+01  3.46736850e+10  1.38637827e+00 
 3.54813389e+10 -6.61471827e+01  3.54813389e+10  1.36445891e+00 
 3.63078055e+10 -6.62917834e+01  3.63078055e+10  1.34261866e+00 
 3.71535229e+10 -6.64322363e+01  3.71535229e+10  1.32086823e+00 
 3.80189396e+10 -6.65686043e+01  3.80189396e+10  1.29921811e+00 
 3.89045145e+10 -6.67009520e+01  3.89045145e+10  1.27767855e+00 
 3.98107171e+10 -6.68293459e+01  3.98107171e+10  1.25625955e+00 
 4.07380278e+10 -6.69538539e+01  4.07380278e+10  1.23497081e+00 
 4.16869383e+10 -6.70745451e+01  4.16869383e+10  1.21382176e+00 
 4.26579519e+10 -6.71914903e+01  4.26579519e+10  1.19282146e+00 
 4.36515832e+10 -6.73047611e+01  4.36515832e+10  1.17197866e+00 
 4.46683592e+10 -6.74144302e+01  4.46683592e+10  1.15130175e+00 
 4.57088190e+10 -6.75205713e+01  4.57088190e+10  1.13079876e+00 
 4.67735141e+10 -6.76232587e+01  4.67735141e+10  1.11047733e+00 
 4.78630092e+10 -6.77225677e+01  4.78630092e+10  1.09034473e+00 
 4.89778819e+10 -6.78185736e+01  4.89778819e+10  1.07040781e+00 
 5.01187234e+10 -6.79113526e+01  5.01187234e+10  1.05067306e+00 
 5.12861384e+10 -6.80009807e+01  5.12861384e+10  1.03114653e+00 
 5.24807460e+10 -6.80875345e+01  5.24807460e+10  1.01183391e+00 
 5.37031796e+10 -6.81710903e+01  5.37031796e+10  9.92740461e-01 
 5.49540874e+10 -6.82517245e+01  5.49540874e+10  9.73871045e-01 
 5.62341325e+10 -6.83295130e+01  5.62341325e+10  9.55230135e-01 
 5.75439937e+10 -6.84045317e+01  5.75439937e+10  9.36821808e-01 
 5.88843655e+10 -6.84768560e+01  5.88843655e+10  9.18649757e-01 
 6.02559586e+10 -6.85465606e+01  6.02559586e+10  9.00717291e-01 
 6.16595002e+10 -6.86137198e+01  6.16595002e+10  8.83027349e-01 
 6.30957344e+10 -6.86784069e+01  6.30957344e+10  8.65582505e-01 
 6.45654229e+10 -6.87406948e+01  6.45654229e+10  8.48384980e-01 
 6.60693448e+10 -6.88006551e+01  6.60693448e+10  8.31436648e-01 
 6.76082975e+10 -6.88583587e+01  6.76082975e+10  8.14739051e-01 
 6.91830971e+10 -6.89138754e+01  6.91830971e+10  7.98293409e-01 
 7.07945784e+10 -6.89672739e+01  7.07945784e+10  7.82100631e-01 
 7.24435960e+10 -6.90186218e+01  7.24435960e+10  7.66161328e-01 
 7.41310241e+10 -6.90679853e+01  7.41310241e+10  7.50475824e-01 
 7.58577575e+10 -6.91154296e+01  7.58577575e+10  7.35044169e-01 
 7.76247117e+10 -6.91610186e+01  7.76247117e+10  7.19866154e-01 
 7.94328235e+10 -6.92048146e+01  7.94328235e+10  7.04941319e-01 
 8.12830516e+10 -6.92468788e+01  8.12830516e+10  6.90268972e-01 
 8.31763771e+10 -6.92872709e+01  8.31763771e+10  6.75848195e-01 
 8.51138038e+10 -6.93260494e+01  8.51138038e+10  6.61677861e-01 
 8.70963590e+10 -6.93632710e+01  8.70963590e+10  6.47756646e-01 
 8.91250938e+10 -6.93989912e+01  8.91250938e+10  6.34083039e-01 
 9.12010839e+10 -6.94332642e+01  9.12010839e+10  6.20655355e-01 
 9.33254301e+10 -6.94661424e+01  9.33254301e+10  6.07471749e-01 
 9.54992586e+10 -6.94976771e+01  9.54992586e+10  5.94530224e-01 
 9.77237221e+10 -6.95279180e+01  9.77237221e+10  5.81828642e-01 
 1.00000000e+11 -6.95569133e+01  1.00000000e+11  5.69364740e-01 
