 0.00000000e+00  1.71674228e-07 
 1.00000000e-03  1.71674228e-07 
 2.00000000e-03  1.71674228e-07 
 3.00000000e-03  1.71674228e-07 
 4.00000000e-03  1.71674228e-07 
 5.00000000e-03  1.71674228e-07 
 6.00000000e-03  1.71674228e-07 
 7.00000000e-03  1.71674228e-07 
 8.00000000e-03  1.71674228e-07 
 9.00000000e-03  1.71674228e-07 
 1.00000000e-02  1.71674228e-07 
 1.10000000e-02  1.71674228e-07 
 1.20000000e-02  1.71674228e-07 
 1.30000000e-02  1.71674228e-07 
 1.40000000e-02  1.71674228e-07 
 1.50000000e-02  1.71674228e-07 
 1.60000000e-02  1.71674228e-07 
 1.70000000e-02  1.71674228e-07 
 1.80000000e-02  1.71674228e-07 
 1.90000000e-02  1.71674228e-07 
 2.00000000e-02  1.71674228e-07 
 2.10000000e-02  1.71674228e-07 
 2.20000000e-02  1.71674228e-07 
 2.30000000e-02  1.71674228e-07 
 2.40000000e-02  1.71674228e-07 
 2.50000000e-02  1.71674228e-07 
 2.60000000e-02  1.71674228e-07 
 2.70000000e-02  1.71674228e-07 
 2.80000000e-02  1.71674228e-07 
 2.90000000e-02  1.71674228e-07 
 3.00000000e-02  1.71674228e-07 
 3.10000000e-02  1.71674228e-07 
 3.20000000e-02  1.71674228e-07 
 3.30000000e-02  1.71674228e-07 
 3.40000000e-02  1.71674228e-07 
 3.50000000e-02  1.71674228e-07 
 3.60000000e-02  1.71674228e-07 
 3.70000000e-02  1.71674228e-07 
 3.80000000e-02  1.71674228e-07 
 3.90000000e-02  1.71674228e-07 
 4.00000000e-02  1.71674228e-07 
 4.10000000e-02  1.71674228e-07 
 4.20000000e-02  1.71674228e-07 
 4.30000000e-02  1.71674228e-07 
 4.40000000e-02  1.71674228e-07 
 4.50000000e-02  1.71674228e-07 
 4.60000000e-02  1.71674228e-07 
 4.70000000e-02  1.71674228e-07 
 4.80000000e-02  1.71674228e-07 
 4.90000000e-02  1.71674228e-07 
 5.00000000e-02  1.71674228e-07 
 5.10000000e-02  1.71674228e-07 
 5.20000000e-02  1.71674228e-07 
 5.30000000e-02  1.71674228e-07 
 5.40000000e-02  1.71674228e-07 
 5.50000000e-02  1.71674228e-07 
 5.60000000e-02  1.71674228e-07 
 5.70000000e-02  1.71674228e-07 
 5.80000000e-02  1.71674228e-07 
 5.90000000e-02  1.71674228e-07 
 6.00000000e-02  1.71674228e-07 
 6.10000000e-02  1.71674228e-07 
 6.20000000e-02  1.71674228e-07 
 6.30000000e-02  1.71674228e-07 
 6.40000000e-02  1.71674228e-07 
 6.50000000e-02  1.71674228e-07 
 6.60000000e-02  1.71674228e-07 
 6.70000000e-02  1.71674228e-07 
 6.80000000e-02  1.71674228e-07 
 6.90000000e-02  1.71674228e-07 
 7.00000000e-02  1.71674228e-07 
 7.10000000e-02  1.71674228e-07 
 7.20000000e-02  1.71674228e-07 
 7.30000000e-02  1.71674228e-07 
 7.40000000e-02  1.71674228e-07 
 7.50000000e-02  1.71674228e-07 
 7.60000000e-02  1.71674228e-07 
 7.70000000e-02  1.71674228e-07 
 7.80000000e-02  1.71674228e-07 
 7.90000000e-02  1.71674228e-07 
 8.00000000e-02  1.71674228e-07 
 8.10000000e-02  1.71674228e-07 
 8.20000000e-02  1.71674228e-07 
 8.30000000e-02  1.71674228e-07 
 8.40000000e-02  1.71674228e-07 
 8.50000000e-02  1.71674228e-07 
 8.60000000e-02  1.71674228e-07 
 8.70000000e-02  1.71674228e-07 
 8.80000000e-02  1.71674228e-07 
 8.90000000e-02  1.71674228e-07 
 9.00000000e-02  1.71674228e-07 
 9.10000000e-02  1.71674228e-07 
 9.20000000e-02  1.71674228e-07 
 9.30000000e-02  1.71674228e-07 
 9.40000000e-02  1.71674228e-07 
 9.50000000e-02  1.71674228e-07 
 9.60000000e-02  1.71674228e-07 
 9.70000000e-02  1.71674228e-07 
 9.80000000e-02  1.71674228e-07 
 9.90000000e-02  1.71674228e-07 
 1.00000000e-01  1.71674228e-07 
 1.01000000e-01  1.71674228e-07 
 1.02000000e-01  1.71674228e-07 
 1.03000000e-01  1.71674228e-07 
 1.04000000e-01  1.71674228e-07 
 1.05000000e-01  1.71674228e-07 
 1.06000000e-01  1.71674228e-07 
 1.07000000e-01  1.71674228e-07 
 1.08000000e-01  1.71674228e-07 
 1.09000000e-01  1.71674228e-07 
 1.10000000e-01  1.71674228e-07 
 1.11000000e-01  1.71674228e-07 
 1.12000000e-01  1.71674228e-07 
 1.13000000e-01  1.71674228e-07 
 1.14000000e-01  1.71674228e-07 
 1.15000000e-01  1.71674228e-07 
 1.16000000e-01  1.71674228e-07 
 1.17000000e-01  1.71674228e-07 
 1.18000000e-01  1.71674228e-07 
 1.19000000e-01  1.71674228e-07 
 1.20000000e-01  1.71674228e-07 
 1.21000000e-01  1.71674228e-07 
 1.22000000e-01  1.71674228e-07 
 1.23000000e-01  1.71674228e-07 
 1.24000000e-01  1.71674228e-07 
 1.25000000e-01  1.71674228e-07 
 1.26000000e-01  1.71674228e-07 
 1.27000000e-01  1.71674228e-07 
 1.28000000e-01  1.71674228e-07 
 1.29000000e-01  1.71674228e-07 
 1.30000000e-01  1.71674228e-07 
 1.31000000e-01  1.71674228e-07 
 1.32000000e-01  1.71674228e-07 
 1.33000000e-01  1.71674228e-07 
 1.34000000e-01  1.71674228e-07 
 1.35000000e-01  1.71674228e-07 
 1.36000000e-01  1.71674228e-07 
 1.37000000e-01  1.71674228e-07 
 1.38000000e-01  1.71674228e-07 
 1.39000000e-01  1.71674228e-07 
 1.40000000e-01  1.71674228e-07 
 1.41000000e-01  1.71674228e-07 
 1.42000000e-01  1.71674228e-07 
 1.43000000e-01  1.71674228e-07 
 1.44000000e-01  1.71674228e-07 
 1.45000000e-01  1.71674228e-07 
 1.46000000e-01  1.71674228e-07 
 1.47000000e-01  1.71674228e-07 
 1.48000000e-01  1.71674228e-07 
 1.49000000e-01  1.71674228e-07 
 1.50000000e-01  1.71674228e-07 
 1.51000000e-01  1.71674228e-07 
 1.52000000e-01  1.71674228e-07 
 1.53000000e-01  1.71674228e-07 
 1.54000000e-01  1.71674228e-07 
 1.55000000e-01  1.71674228e-07 
 1.56000000e-01  1.71674228e-07 
 1.57000000e-01  1.71674228e-07 
 1.58000000e-01  1.71674228e-07 
 1.59000000e-01  1.71674228e-07 
 1.60000000e-01  1.71674228e-07 
 1.61000000e-01  1.71674228e-07 
 1.62000000e-01  1.71674228e-07 
 1.63000000e-01  1.71674228e-07 
 1.64000000e-01  1.71674228e-07 
 1.65000000e-01  1.71674228e-07 
 1.66000000e-01  1.71674228e-07 
 1.67000000e-01  1.71674228e-07 
 1.68000000e-01  1.71674228e-07 
 1.69000000e-01  1.71674228e-07 
 1.70000000e-01  1.71674228e-07 
 1.71000000e-01  1.71674228e-07 
 1.72000000e-01  1.71674228e-07 
 1.73000000e-01  1.71674228e-07 
 1.74000000e-01  1.71674228e-07 
 1.75000000e-01  1.71674228e-07 
 1.76000000e-01  1.71674228e-07 
 1.77000000e-01  1.71674228e-07 
 1.78000000e-01  1.71674228e-07 
 1.79000000e-01  1.71674228e-07 
 1.80000000e-01  1.71674228e-07 
 1.81000000e-01  1.71674228e-07 
 1.82000000e-01  1.71674228e-07 
 1.83000000e-01  1.71674228e-07 
 1.84000000e-01  1.71674228e-07 
 1.85000000e-01  1.71674228e-07 
 1.86000000e-01  1.71674228e-07 
 1.87000000e-01  1.71674228e-07 
 1.88000000e-01  1.71674228e-07 
 1.89000000e-01  1.71674228e-07 
 1.90000000e-01  1.71674229e-07 
 1.91000000e-01  1.71674229e-07 
 1.92000000e-01  1.71674229e-07 
 1.93000000e-01  1.71674229e-07 
 1.94000000e-01  1.71674229e-07 
 1.95000000e-01  1.71674229e-07 
 1.96000000e-01  1.71674229e-07 
 1.97000000e-01  1.71674229e-07 
 1.98000000e-01  1.71674229e-07 
 1.99000000e-01  1.71674229e-07 
 2.00000000e-01  1.71674229e-07 
 2.01000000e-01  1.71674229e-07 
 2.02000000e-01  1.71674229e-07 
 2.03000000e-01  1.71674229e-07 
 2.04000000e-01  1.71674229e-07 
 2.05000000e-01  1.71674229e-07 
 2.06000000e-01  1.71674229e-07 
 2.07000000e-01  1.71674229e-07 
 2.08000000e-01  1.71674229e-07 
 2.09000000e-01  1.71674229e-07 
 2.10000000e-01  1.71674229e-07 
 2.11000000e-01  1.71674229e-07 
 2.12000000e-01  1.71674229e-07 
 2.13000000e-01  1.71674229e-07 
 2.14000000e-01  1.71674229e-07 
 2.15000000e-01  1.71674229e-07 
 2.16000000e-01  1.71674229e-07 
 2.17000000e-01  1.71674229e-07 
 2.18000000e-01  1.71674229e-07 
 2.19000000e-01  1.71674229e-07 
 2.20000000e-01  1.71674229e-07 
 2.21000000e-01  1.71674229e-07 
 2.22000000e-01  1.71674230e-07 
 2.23000000e-01  1.71674230e-07 
 2.24000000e-01  1.71674230e-07 
 2.25000000e-01  1.71674230e-07 
 2.26000000e-01  1.71674230e-07 
 2.27000000e-01  1.71674230e-07 
 2.28000000e-01  1.71674230e-07 
 2.29000000e-01  1.71674230e-07 
 2.30000000e-01  1.71674230e-07 
 2.31000000e-01  1.71674230e-07 
 2.32000000e-01  1.71674230e-07 
 2.33000000e-01  1.71674230e-07 
 2.34000000e-01  1.71674230e-07 
 2.35000000e-01  1.71674230e-07 
 2.36000000e-01  1.71674231e-07 
 2.37000000e-01  1.71674231e-07 
 2.38000000e-01  1.71674231e-07 
 2.39000000e-01  1.71674231e-07 
 2.40000000e-01  1.71674231e-07 
 2.41000000e-01  1.71674231e-07 
 2.42000000e-01  1.71674231e-07 
 2.43000000e-01  1.71674231e-07 
 2.44000000e-01  1.71674231e-07 
 2.45000000e-01  1.71674232e-07 
 2.46000000e-01  1.71674232e-07 
 2.47000000e-01  1.71674232e-07 
 2.48000000e-01  1.71674232e-07 
 2.49000000e-01  1.71674232e-07 
 2.50000000e-01  1.71674232e-07 
 2.51000000e-01  1.71674232e-07 
 2.52000000e-01  1.71674232e-07 
 2.53000000e-01  1.71674233e-07 
 2.54000000e-01  1.71674233e-07 
 2.55000000e-01  1.71674233e-07 
 2.56000000e-01  1.71674233e-07 
 2.57000000e-01  1.71674233e-07 
 2.58000000e-01  1.71674234e-07 
 2.59000000e-01  1.71674234e-07 
 2.60000000e-01  1.71674234e-07 
 2.61000000e-01  1.71674234e-07 
 2.62000000e-01  1.71674234e-07 
 2.63000000e-01  1.71674235e-07 
 2.64000000e-01  1.71674235e-07 
 2.65000000e-01  1.71674235e-07 
 2.66000000e-01  1.71674235e-07 
 2.67000000e-01  1.71674236e-07 
 2.68000000e-01  1.71674236e-07 
 2.69000000e-01  1.71674236e-07 
 2.70000000e-01  1.71674236e-07 
 2.71000000e-01  1.71674237e-07 
 2.72000000e-01  1.71674237e-07 
 2.73000000e-01  1.71674237e-07 
 2.74000000e-01  1.71674238e-07 
 2.75000000e-01  1.71674238e-07 
 2.76000000e-01  1.71674238e-07 
 2.77000000e-01  1.71674239e-07 
 2.78000000e-01  1.71674239e-07 
 2.79000000e-01  1.71674240e-07 
 2.80000000e-01  1.71674240e-07 
 2.81000000e-01  1.71674240e-07 
 2.82000000e-01  1.71674241e-07 
 2.83000000e-01  1.71674241e-07 
 2.84000000e-01  1.71674242e-07 
 2.85000000e-01  1.71674242e-07 
 2.86000000e-01  1.71674243e-07 
 2.87000000e-01  1.71674243e-07 
 2.88000000e-01  1.71674244e-07 
 2.89000000e-01  1.71674244e-07 
 2.90000000e-01  1.71674245e-07 
 2.91000000e-01  1.71674246e-07 
 2.92000000e-01  1.71674246e-07 
 2.93000000e-01  1.71674247e-07 
 2.94000000e-01  1.71674247e-07 
 2.95000000e-01  1.71674248e-07 
 2.96000000e-01  1.71674249e-07 
 2.97000000e-01  1.71674250e-07 
 2.98000000e-01  1.71674250e-07 
 2.99000000e-01  1.71674251e-07 
 3.00000000e-01  1.71674252e-07 
 3.01000000e-01  1.71674253e-07 
 3.02000000e-01  1.71674254e-07 
 3.03000000e-01  1.71674255e-07 
 3.04000000e-01  1.71674256e-07 
 3.05000000e-01  1.71674256e-07 
 3.06000000e-01  1.71674257e-07 
 3.07000000e-01  1.71674259e-07 
 3.08000000e-01  1.71674260e-07 
 3.09000000e-01  1.71674261e-07 
 3.10000000e-01  1.71674262e-07 
 3.11000000e-01  1.71674263e-07 
 3.12000000e-01  1.71674264e-07 
 3.13000000e-01  1.71674266e-07 
 3.14000000e-01  1.71674267e-07 
 3.15000000e-01  1.71674268e-07 
 3.16000000e-01  1.71674270e-07 
 3.17000000e-01  1.71674271e-07 
 3.18000000e-01  1.71674273e-07 
 3.19000000e-01  1.71674274e-07 
 3.20000000e-01  1.71674276e-07 
 3.21000000e-01  1.71674278e-07 
 3.22000000e-01  1.71674279e-07 
 3.23000000e-01  1.71674281e-07 
 3.24000000e-01  1.71674283e-07 
 3.25000000e-01  1.71674285e-07 
 3.26000000e-01  1.71674287e-07 
 3.27000000e-01  1.71674289e-07 
 3.28000000e-01  1.71674291e-07 
 3.29000000e-01  1.71674293e-07 
 3.30000000e-01  1.71674296e-07 
 3.31000000e-01  1.71674298e-07 
 3.32000000e-01  1.71674301e-07 
 3.33000000e-01  1.71674303e-07 
 3.34000000e-01  1.71674306e-07 
 3.35000000e-01  1.71674309e-07 
 3.36000000e-01  1.71674311e-07 
 3.37000000e-01  1.71674314e-07 
 3.38000000e-01  1.71674317e-07 
 3.39000000e-01  1.71674321e-07 
 3.40000000e-01  1.71674324e-07 
 3.41000000e-01  1.71674327e-07 
 3.42000000e-01  1.71674331e-07 
 3.43000000e-01  1.71674334e-07 
 3.44000000e-01  1.71674338e-07 
 3.45000000e-01  1.71674342e-07 
 3.46000000e-01  1.71674346e-07 
 3.47000000e-01  1.71674350e-07 
 3.48000000e-01  1.71674355e-07 
 3.49000000e-01  1.71674359e-07 
 3.50000000e-01  1.71674364e-07 
 3.51000000e-01  1.71674368e-07 
 3.52000000e-01  1.71674373e-07 
 3.53000000e-01  1.71674379e-07 
 3.54000000e-01  1.71674384e-07 
 3.55000000e-01  1.71674389e-07 
 3.56000000e-01  1.71674395e-07 
 3.57000000e-01  1.71674401e-07 
 3.58000000e-01  1.71674407e-07 
 3.59000000e-01  1.71674413e-07 
 3.60000000e-01  1.71674420e-07 
 3.61000000e-01  1.71674427e-07 
 3.62000000e-01  1.71674434e-07 
 3.63000000e-01  1.71674441e-07 
 3.64000000e-01  1.71674448e-07 
 3.65000000e-01  1.71674456e-07 
 3.66000000e-01  1.71674464e-07 
 3.67000000e-01  1.71674473e-07 
 3.68000000e-01  1.71674481e-07 
 3.69000000e-01  1.71674490e-07 
 3.70000000e-01  1.71674499e-07 
 3.71000000e-01  1.71674509e-07 
 3.72000000e-01  1.71674519e-07 
 3.73000000e-01  1.71674529e-07 
 3.74000000e-01  1.71674540e-07 
 3.75000000e-01  1.71674551e-07 
 3.76000000e-01  1.71674562e-07 
 3.77000000e-01  1.71674574e-07 
 3.78000000e-01  1.71674586e-07 
 3.79000000e-01  1.71674599e-07 
 3.80000000e-01  1.71674612e-07 
 3.81000000e-01  1.71674625e-07 
 3.82000000e-01  1.71674639e-07 
 3.83000000e-01  1.71674654e-07 
 3.84000000e-01  1.71674669e-07 
 3.85000000e-01  1.71674684e-07 
 3.86000000e-01  1.71674700e-07 
 3.87000000e-01  1.71674717e-07 
 3.88000000e-01  1.71674734e-07 
 3.89000000e-01  1.71674752e-07 
 3.90000000e-01  1.71674771e-07 
 3.91000000e-01  1.71674790e-07 
 3.92000000e-01  1.71674810e-07 
 3.93000000e-01  1.71674830e-07 
 3.94000000e-01  1.71674851e-07 
 3.95000000e-01  1.71674873e-07 
 3.96000000e-01  1.71674896e-07 
 3.97000000e-01  1.71674920e-07 
 3.98000000e-01  1.71674944e-07 
 3.99000000e-01  1.71674969e-07 
 4.00000000e-01  1.71674995e-07 
 4.01000000e-01  1.71675023e-07 
 4.02000000e-01  1.71675050e-07 
 4.03000000e-01  1.71675080e-07 
 4.04000000e-01  1.71675110e-07 
 4.05000000e-01  1.71675141e-07 
 4.06000000e-01  1.71675173e-07 
 4.07000000e-01  1.71675206e-07 
 4.08000000e-01  1.71675241e-07 
 4.09000000e-01  1.71675276e-07 
 4.10000000e-01  1.71675313e-07 
 4.11000000e-01  1.71675351e-07 
 4.12000000e-01  1.71675391e-07 
 4.13000000e-01  1.71675432e-07 
 4.14000000e-01  1.71675474e-07 
 4.15000000e-01  1.71675518e-07 
 4.16000000e-01  1.71675564e-07 
 4.17000000e-01  1.71675611e-07 
 4.18000000e-01  1.71675660e-07 
 4.19000000e-01  1.71675710e-07 
 4.20000000e-01  1.71675762e-07 
 4.21000000e-01  1.71675816e-07 
 4.22000000e-01  1.71675872e-07 
 4.23000000e-01  1.71675930e-07 
 4.24000000e-01  1.71675990e-07 
 4.25000000e-01  1.71676052e-07 
 4.26000000e-01  1.71676117e-07 
 4.27000000e-01  1.71676183e-07 
 4.28000000e-01  1.71676252e-07 
 4.29000000e-01  1.71676323e-07 
 4.30000000e-01  1.71676397e-07 
 4.31000000e-01  1.71676474e-07 
 4.32000000e-01  1.71676553e-07 
 4.33000000e-01  1.71676635e-07 
 4.34000000e-01  1.71676719e-07 
 4.35000000e-01  1.71676807e-07 
 4.36000000e-01  1.71676898e-07 
 4.37000000e-01  1.71676992e-07 
 4.38000000e-01  1.71677089e-07 
 4.39000000e-01  1.71677190e-07 
 4.40000000e-01  1.71677295e-07 
 4.41000000e-01  1.71677402e-07 
 4.42000000e-01  1.71677514e-07 
 4.43000000e-01  1.71677630e-07 
 4.44000000e-01  1.71677750e-07 
 4.45000000e-01  1.71677874e-07 
 4.46000000e-01  1.71678002e-07 
 4.47000000e-01  1.71678135e-07 
 4.48000000e-01  1.71678273e-07 
 4.49000000e-01  1.71678415e-07 
 4.50000000e-01  1.71678563e-07 
 4.51000000e-01  1.71678715e-07 
 4.52000000e-01  1.71678873e-07 
 4.53000000e-01  1.71679037e-07 
 4.54000000e-01  1.71679206e-07 
 4.55000000e-01  1.71679381e-07 
 4.56000000e-01  1.71679562e-07 
 4.57000000e-01  1.71679750e-07 
 4.58000000e-01  1.71679944e-07 
 4.59000000e-01  1.71680146e-07 
 4.60000000e-01  1.71680354e-07 
 4.61000000e-01  1.71680570e-07 
 4.62000000e-01  1.71680793e-07 
 4.63000000e-01  1.71681024e-07 
 4.64000000e-01  1.71681263e-07 
 4.65000000e-01  1.71681510e-07 
 4.66000000e-01  1.71681766e-07 
 4.67000000e-01  1.71682032e-07 
 4.68000000e-01  1.71682306e-07 
 4.69000000e-01  1.71682590e-07 
 4.70000000e-01  1.71682885e-07 
 4.71000000e-01  1.71683189e-07 
 4.72000000e-01  1.71683504e-07 
 4.73000000e-01  1.71683830e-07 
 4.74000000e-01  1.71684168e-07 
 4.75000000e-01  1.71684518e-07 
 4.76000000e-01  1.71684879e-07 
 4.77000000e-01  1.71685254e-07 
 4.78000000e-01  1.71685642e-07 
 4.79000000e-01  1.71686043e-07 
 4.80000000e-01  1.71686458e-07 
 4.81000000e-01  1.71686888e-07 
 4.82000000e-01  1.71687333e-07 
 4.83000000e-01  1.71687794e-07 
 4.84000000e-01  1.71688271e-07 
 4.85000000e-01  1.71688764e-07 
 4.86000000e-01  1.71689275e-07 
 4.87000000e-01  1.71689804e-07 
 4.88000000e-01  1.71690351e-07 
 4.89000000e-01  1.71690917e-07 
 4.90000000e-01  1.71691504e-07 
 4.91000000e-01  1.71692111e-07 
 4.92000000e-01  1.71692739e-07 
 4.93000000e-01  1.71693389e-07 
 4.94000000e-01  1.71694062e-07 
 4.95000000e-01  1.71694758e-07 
 4.96000000e-01  1.71695479e-07 
 4.97000000e-01  1.71696226e-07 
 4.98000000e-01  1.71696998e-07 
 4.99000000e-01  1.71697797e-07 
 5.00000000e-01  1.71698625e-07 
 5.01000000e-01  1.71699481e-07 
 5.02000000e-01  1.71700367e-07 
 5.03000000e-01  1.71701284e-07 
 5.04000000e-01  1.71702234e-07 
 5.05000000e-01  1.71703217e-07 
 5.06000000e-01  1.71704234e-07 
 5.07000000e-01  1.71705286e-07 
 5.08000000e-01  1.71706376e-07 
 5.09000000e-01  1.71707503e-07 
 5.10000000e-01  1.71708670e-07 
 5.11000000e-01  1.71709878e-07 
 5.12000000e-01  1.71711128e-07 
 5.13000000e-01  1.71712421e-07 
 5.14000000e-01  1.71713760e-07 
 5.15000000e-01  1.71715146e-07 
 5.16000000e-01  1.71716580e-07 
 5.17000000e-01  1.71718064e-07 
 5.18000000e-01  1.71719600e-07 
 5.19000000e-01  1.71721189e-07 
 5.20000000e-01  1.71722834e-07 
 5.21000000e-01  1.71724537e-07 
 5.22000000e-01  1.71726299e-07 
 5.23000000e-01  1.71728122e-07 
 5.24000000e-01  1.71730009e-07 
 5.25000000e-01  1.71731962e-07 
 5.26000000e-01  1.71733982e-07 
 5.27000000e-01  1.71736074e-07 
 5.28000000e-01  1.71738238e-07 
 5.29000000e-01  1.71740477e-07 
 5.30000000e-01  1.71742795e-07 
 5.31000000e-01  1.71745193e-07 
 5.32000000e-01  1.71747675e-07 
 5.33000000e-01  1.71750243e-07 
 5.34000000e-01  1.71752901e-07 
 5.35000000e-01  1.71755651e-07 
 5.36000000e-01  1.71758497e-07 
 5.37000000e-01  1.71761441e-07 
 5.38000000e-01  1.71764489e-07 
 5.39000000e-01  1.71767642e-07 
 5.40000000e-01  1.71770904e-07 
 5.41000000e-01  1.71774280e-07 
 5.42000000e-01  1.71777774e-07 
 5.43000000e-01  1.71781388e-07 
 5.44000000e-01  1.71785128e-07 
 5.45000000e-01  1.71788998e-07 
 5.46000000e-01  1.71793002e-07 
 5.47000000e-01  1.71797145e-07 
 5.48000000e-01  1.71801432e-07 
 5.49000000e-01  1.71805868e-07 
 5.50000000e-01  1.71810457e-07 
 5.51000000e-01  1.71815205e-07 
 5.52000000e-01  1.71820118e-07 
 5.53000000e-01  1.71825200e-07 
 5.54000000e-01  1.71830459e-07 
 5.55000000e-01  1.71835900e-07 
 5.56000000e-01  1.71841529e-07 
 5.57000000e-01  1.71847352e-07 
 5.58000000e-01  1.71853377e-07 
 5.59000000e-01  1.71859610e-07 
 5.60000000e-01  1.71866058e-07 
 5.61000000e-01  1.71872729e-07 
 5.62000000e-01  1.71879631e-07 
 5.63000000e-01  1.71886770e-07 
 5.64000000e-01  1.71894156e-07 
 5.65000000e-01  1.71901796e-07 
 5.66000000e-01  1.71909700e-07 
 5.67000000e-01  1.71917876e-07 
 5.68000000e-01  1.71926333e-07 
 5.69000000e-01  1.71935082e-07 
 5.70000000e-01  1.71944132e-07 
 5.71000000e-01  1.71953493e-07 
 5.72000000e-01  1.71963176e-07 
 5.73000000e-01  1.71973192e-07 
 5.74000000e-01  1.71983552e-07 
 5.75000000e-01  1.71994267e-07 
 5.76000000e-01  1.72005351e-07 
 5.77000000e-01  1.72016814e-07 
 5.78000000e-01  1.72028671e-07 
 5.79000000e-01  1.72040934e-07 
 5.80000000e-01  1.72053617e-07 
 5.81000000e-01  1.72066734e-07 
 5.82000000e-01  1.72080300e-07 
 5.83000000e-01  1.72094330e-07 
 5.84000000e-01  1.72108840e-07 
 5.85000000e-01  1.72123845e-07 
 5.86000000e-01  1.72139363e-07 
 5.87000000e-01  1.72155411e-07 
 5.88000000e-01  1.72172006e-07 
 5.89000000e-01  1.72189166e-07 
 5.90000000e-01  1.72206912e-07 
 5.91000000e-01  1.72225261e-07 
 5.92000000e-01  1.72244236e-07 
 5.93000000e-01  1.72263855e-07 
 5.94000000e-01  1.72284141e-07 
 5.95000000e-01  1.72305117e-07 
 5.96000000e-01  1.72326804e-07 
 5.97000000e-01  1.72349228e-07 
 5.98000000e-01  1.72372411e-07 
 5.99000000e-01  1.72396380e-07 
 6.00000000e-01  1.72421161e-07 
 6.01000000e-01  1.72446780e-07 
 6.02000000e-01  1.72473266e-07 
 6.03000000e-01  1.72500646e-07 
 6.04000000e-01  1.72528951e-07 
 6.05000000e-01  1.72558211e-07 
 6.06000000e-01  1.72588458e-07 
 6.07000000e-01  1.72619723e-07 
 6.08000000e-01  1.72652041e-07 
 6.09000000e-01  1.72685447e-07 
 6.10000000e-01  1.72719975e-07 
 6.11000000e-01  1.72755663e-07 
 6.12000000e-01  1.72792548e-07 
 6.13000000e-01  1.72830671e-07 
 6.14000000e-01  1.72870071e-07 
 6.15000000e-01  1.72910790e-07 
 6.16000000e-01  1.72952870e-07 
 6.17000000e-01  1.72996358e-07 
 6.18000000e-01  1.73041297e-07 
 6.19000000e-01  1.73087735e-07 
 6.20000000e-01  1.73135722e-07 
 6.21000000e-01  1.73185306e-07 
 6.22000000e-01  1.73236540e-07 
 6.23000000e-01  1.73289477e-07 
 6.24000000e-01  1.73344172e-07 
 6.25000000e-01  1.73400682e-07 
 6.26000000e-01  1.73459064e-07 
 6.27000000e-01  1.73519380e-07 
 6.28000000e-01  1.73581690e-07 
 6.29000000e-01  1.73646060e-07 
 6.30000000e-01  1.73712554e-07 
 6.31000000e-01  1.73781241e-07 
 6.32000000e-01  1.73852190e-07 
 6.33000000e-01  1.73925475e-07 
 6.34000000e-01  1.74001167e-07 
 6.35000000e-01  1.74079345e-07 
 6.36000000e-01  1.74160087e-07 
 6.37000000e-01  1.74243474e-07 
 6.38000000e-01  1.74329590e-07 
 6.39000000e-01  1.74418520e-07 
 6.40000000e-01  1.74510354e-07 
 6.41000000e-01  1.74605182e-07 
 6.42000000e-01  1.74703098e-07 
 6.43000000e-01  1.74804199e-07 
 6.44000000e-01  1.74908585e-07 
 6.45000000e-01  1.75016359e-07 
 6.46000000e-01  1.75127625e-07 
 6.47000000e-01  1.75242492e-07 
 6.48000000e-01  1.75361072e-07 
 6.49000000e-01  1.75483480e-07 
 6.50000000e-01  1.75609835e-07 
 6.51000000e-01  1.75740259e-07 
 6.52000000e-01  1.75874876e-07 
 6.53000000e-01  1.76013815e-07 
 6.54000000e-01  1.76157211e-07 
 6.55000000e-01  1.76305198e-07 
 6.56000000e-01  1.76457918e-07 
 6.57000000e-01  1.76615514e-07 
 6.58000000e-01  1.76778136e-07 
 6.59000000e-01  1.76945937e-07 
 6.60000000e-01  1.77119073e-07 
 6.61000000e-01  1.77297705e-07 
 6.62000000e-01  1.77482002e-07 
 6.63000000e-01  1.77672132e-07 
 6.64000000e-01  1.77868273e-07 
 6.65000000e-01  1.78070604e-07 
 6.66000000e-01  1.78279311e-07 
 6.67000000e-01  1.78494585e-07 
 6.68000000e-01  1.78716623e-07 
 6.69000000e-01  1.78945626e-07 
 6.70000000e-01  1.79181801e-07 
 6.71000000e-01  1.79425361e-07 
 6.72000000e-01  1.79676526e-07 
 6.73000000e-01  1.79935521e-07 
 6.74000000e-01  1.80202576e-07 
 6.75000000e-01  1.80477929e-07 
 6.76000000e-01  1.80761824e-07 
 6.77000000e-01  1.81054513e-07 
 6.78000000e-01  1.81356252e-07 
 6.79000000e-01  1.81667307e-07 
 6.80000000e-01  1.81987950e-07 
 6.81000000e-01  1.82318460e-07 
 6.82000000e-01  1.82659123e-07 
 6.83000000e-01  1.83010236e-07 
 6.84000000e-01  1.83372100e-07 
 6.85000000e-01  1.83745028e-07 
 6.86000000e-01  1.84129337e-07 
 6.87000000e-01  1.84525358e-07 
 6.88000000e-01  1.84933426e-07 
 6.89000000e-01  1.85353888e-07 
 6.90000000e-01  1.85787100e-07 
 6.91000000e-01  1.86233428e-07 
 6.92000000e-01  1.86693246e-07 
 6.93000000e-01  1.87166939e-07 
 6.94000000e-01  1.87654904e-07 
 6.95000000e-01  1.88157548e-07 
 6.96000000e-01  1.88675287e-07 
 6.97000000e-01  1.89208552e-07 
 6.98000000e-01  1.89757782e-07 
 6.99000000e-01  1.90323430e-07 
 7.00000000e-01  1.90905962e-07 
 7.01000000e-01  1.91505855e-07 
 7.02000000e-01  1.92123599e-07 
 7.03000000e-01  1.92759700e-07 
 7.04000000e-01  1.93414675e-07 
 7.05000000e-01  1.94089056e-07 
 7.06000000e-01  1.94783390e-07 
 7.07000000e-01  1.95498240e-07 
 7.08000000e-01  1.96234183e-07 
 7.09000000e-01  1.96991813e-07 
 7.10000000e-01  1.97771739e-07 
 7.11000000e-01  1.98574590e-07 
 7.12000000e-01  1.99401011e-07 
 7.13000000e-01  2.00251663e-07 
 7.14000000e-01  2.01127229e-07 
 7.15000000e-01  2.02028410e-07 
 7.16000000e-01  2.02955928e-07 
 7.17000000e-01  2.03910522e-07 
 7.18000000e-01  2.04892958e-07 
 7.19000000e-01  2.05904018e-07 
 7.20000000e-01  2.06944512e-07 
 7.21000000e-01  2.08015269e-07 
 7.22000000e-01  2.09117146e-07 
 7.23000000e-01  2.10251022e-07 
 7.24000000e-01  2.11417805e-07 
 7.25000000e-01  2.12618427e-07 
 7.26000000e-01  2.13853850e-07 
 7.27000000e-01  2.15125064e-07 
 7.28000000e-01  2.16433089e-07 
 7.29000000e-01  2.17778976e-07 
 7.30000000e-01  2.19163808e-07 
 7.31000000e-01  2.20588700e-07 
 7.32000000e-01  2.22054804e-07 
 7.33000000e-01  2.23563307e-07 
 7.34000000e-01  2.25115431e-07 
 7.35000000e-01  2.26712438e-07 
 7.36000000e-01  2.28355631e-07 
 7.37000000e-01  2.30046353e-07 
 7.38000000e-01  2.31785990e-07 
 7.39000000e-01  2.33575974e-07 
 7.40000000e-01  2.35417782e-07 
 7.41000000e-01  2.37312941e-07 
 7.42000000e-01  2.39263025e-07 
 7.43000000e-01  2.41269665e-07 
 7.44000000e-01  2.43334543e-07 
 7.45000000e-01  2.45459396e-07 
 7.46000000e-01  2.47646025e-07 
 7.47000000e-01  2.49896287e-07 
 7.48000000e-01  2.52212104e-07 
 7.49000000e-01  2.54595467e-07 
 7.50000000e-01  2.57048433e-07 
 7.51000000e-01  2.59573130e-07 
 7.52000000e-01  2.62171765e-07 
 7.53000000e-01  2.64846619e-07 
 7.54000000e-01  2.67600057e-07 
 7.55000000e-01  2.70434526e-07 
 7.56000000e-01  2.73352564e-07 
 7.57000000e-01  2.76356799e-07 
 7.58000000e-01  2.79449958e-07 
 7.59000000e-01  2.82634865e-07 
 7.60000000e-01  2.85914451e-07 
 7.61000000e-01  2.89291754e-07 
 7.62000000e-01  2.92769929e-07 
 7.63000000e-01  2.96352248e-07 
 7.64000000e-01  3.00042108e-07 
 7.65000000e-01  3.03843036e-07 
 7.66000000e-01  3.07758694e-07 
 7.67000000e-01  3.11792887e-07 
 7.68000000e-01  3.15949568e-07 
 7.69000000e-01  3.20232845e-07 
 7.70000000e-01  3.24646988e-07 
 7.71000000e-01  3.29196438e-07 
 7.72000000e-01  3.33885811e-07 
 7.73000000e-01  3.38719911e-07 
 7.74000000e-01  3.43703735e-07 
 7.75000000e-01  3.48842485e-07 
 7.76000000e-01  3.54141576e-07 
 7.77000000e-01  3.59606645e-07 
 7.78000000e-01  3.65243564e-07 
 7.79000000e-01  3.71058451e-07 
 7.80000000e-01  3.77057679e-07 
 7.81000000e-01  3.83247891e-07 
 7.82000000e-01  3.89636014e-07 
 7.83000000e-01  3.96229271e-07 
 7.84000000e-01  4.03035195e-07 
 7.85000000e-01  4.10061645e-07 
 7.86000000e-01  4.17316825e-07 
 7.87000000e-01  4.24809297e-07 
 7.88000000e-01  4.32548000e-07 
 7.89000000e-01  4.40542273e-07 
 7.90000000e-01  4.48801869e-07 
 7.91000000e-01  4.57336980e-07 
 7.92000000e-01  4.66158262e-07 
 7.93000000e-01  4.75276851e-07 
 7.94000000e-01  4.84704396e-07 
 7.95000000e-01  4.94453083e-07 
 7.96000000e-01  5.04535661e-07 
 7.97000000e-01  5.14965475e-07 
 7.98000000e-01  5.25756496e-07 
 7.99000000e-01  5.36923355e-07 
 8.00000000e-01  5.48481377e-07 
 8.01000000e-01  5.60446623e-07 
 8.02000000e-01  5.72835923e-07 
 8.03000000e-01  5.85666925e-07 
 8.04000000e-01  5.98958135e-07 
 8.05000000e-01  6.12728970e-07 
 8.06000000e-01  6.26999800e-07 
 8.07000000e-01  6.41792013e-07 
 8.08000000e-01  6.57128061e-07 
 8.09000000e-01  6.73031529e-07 
 8.10000000e-01  6.89527196e-07 
 8.11000000e-01  7.06641102e-07 
 8.12000000e-01  7.24400626e-07 
 8.13000000e-01  7.42834558e-07 
 8.14000000e-01  7.61973187e-07 
 8.15000000e-01  7.81848386e-07 
 8.16000000e-01  8.02493706e-07 
 8.17000000e-01  8.23944479e-07 
 8.18000000e-01  8.46237921e-07 
 8.19000000e-01  8.69413251e-07 
 8.20000000e-01  8.93511806e-07 
 8.21000000e-01  9.18577179e-07 
 8.22000000e-01  9.44655353e-07 
 8.23000000e-01  9.71794847e-07 
 8.24000000e-01  1.00004688e-06 
 8.25000000e-01  1.02946555e-06 
 8.26000000e-01  1.06010798e-06 
 8.27000000e-01  1.09203457e-06 
 8.28000000e-01  1.12530914e-06 
 8.29000000e-01  1.15999920e-06 
 8.30000000e-01  1.19617620e-06 
 8.31000000e-01  1.23391572e-06 
 8.32000000e-01  1.27329781e-06 
 8.33000000e-01  1.31440727e-06 
 8.34000000e-01  1.35733395e-06 
 8.35000000e-01  1.40217312e-06 
 8.36000000e-01  1.44902580e-06 
 8.37000000e-01  1.49799920e-06 
 8.38000000e-01  1.54920709e-06 
 8.39000000e-01  1.60277033e-06 
 8.40000000e-01  1.65881729e-06 
 8.41000000e-01  1.71748443e-06 
 8.42000000e-01  1.77891685e-06 
 8.43000000e-01  1.84326895e-06 
 8.44000000e-01  1.91070501e-06 
 8.45000000e-01  1.98140003e-06 
 8.46000000e-01  2.05554040e-06 
 8.47000000e-01  2.13332482e-06 
 8.48000000e-01  2.21496519e-06 
 8.49000000e-01  2.30068759e-06 
 8.50000000e-01  2.39073334e-06 
 8.51000000e-01  2.48536023e-06 
 8.52000000e-01  2.58484368e-06 
 8.53000000e-01  2.68947819e-06 
 8.54000000e-01  2.79957880e-06 
 8.55000000e-01  2.91548269e-06 
 8.56000000e-01  3.03755096e-06 
 8.57000000e-01  3.16617053e-06 
 8.58000000e-01  3.30175622e-06 
 8.59000000e-01  3.44475303e-06 
 8.60000000e-01  3.59563861e-06 
 8.61000000e-01  3.75492597e-06 
 8.62000000e-01  3.92316641e-06 
 8.63000000e-01  4.10095275e-06 
 8.64000000e-01  4.28892287e-06 
 8.65000000e-01  4.48776355e-06 
 8.66000000e-01  4.69821471e-06 
 8.67000000e-01  4.92107405e-06 
 8.68000000e-01  5.15720208e-06 
 8.69000000e-01  5.40752778e-06 
 8.70000000e-01  5.67305467e-06 
 8.71000000e-01  5.95486757e-06 
 8.72000000e-01  6.25414002e-06 
 8.73000000e-01  6.57214245e-06 
 8.74000000e-01  6.91025122e-06 
 8.75000000e-01  7.26995849e-06 
 8.76000000e-01  7.65288329e-06 
 8.77000000e-01  8.06078359e-06 
 8.78000000e-01  8.49556977e-06 
 8.79000000e-01  8.95931948e-06 
 8.80000000e-01  9.45429413e-06 
 8.81000000e-01  9.98295719e-06 
 8.82000000e-01  1.05479945e-05 
 8.83000000e-01  1.11523369e-05 
 8.84000000e-01  1.17991854e-05 
 8.85000000e-01  1.24920391e-05 
 8.86000000e-01  1.32347265e-05 
 8.87000000e-01  1.40314405e-05 
 8.88000000e-01  1.48867771e-05 
 8.89000000e-01  1.58057796e-05 
 8.90000000e-01  1.67939869e-05 
 8.91000000e-01  1.78574886e-05 
 8.92000000e-01  1.90029869e-05 
 8.93000000e-01  2.02378654e-05 
 8.94000000e-01  2.15702671e-05 
 8.95000000e-01  2.30091826e-05 
 8.96000000e-01  2.45645491e-05 
 8.97000000e-01  2.62473625e-05 
 8.98000000e-01  2.80698040e-05 
 8.99000000e-01  3.00453841e-05 
 9.00000000e-01  3.21891057e-05 
 9.01000000e-01  3.45176491e-05 
 9.02000000e-01  3.70495829e-05 
 9.03000000e-01  3.98056045e-05 
 9.04000000e-01  4.28088140e-05 
 9.05000000e-01  4.60850282e-05 
 9.06000000e-01  4.96631386e-05 
 9.07000000e-01  5.35755239e-05 
 9.08000000e-01  5.78585217e-05 
 9.09000000e-01  6.25529732e-05 
 9.10000000e-01  6.77048490e-05 
 9.11000000e-01  7.33659727e-05 
 9.12000000e-01  7.95948579e-05 
 9.13000000e-01  8.64576765e-05 
 9.14000000e-01  9.40293841e-05 
 9.15000000e-01  1.02395028e-04 
 9.16000000e-01  1.11651269e-04 
 9.17000000e-01  1.21908164e-04 
 9.18000000e-01  1.33291243e-04 
 9.19000000e-01  1.45943946e-04 
 9.20000000e-01  1.60030489e-04 
 9.21000000e-01  1.75739232e-04 
 9.22000000e-01  1.93286651e-04 
 9.23000000e-01  2.12922034e-04 
 9.24000000e-01  2.34933044e-04 
 9.25000000e-01  2.59652316e-04 
 9.26000000e-01  2.87465316e-04 
 9.27000000e-01  3.18819705e-04 
 9.28000000e-01  3.54236529e-04 
 9.29000000e-01  3.94323629e-04 
 9.30000000e-01  4.39791742e-04 
 9.31000000e-01  4.91473874e-04 
 9.32000000e-01  5.50348673e-04 
 9.33000000e-01  6.17568691e-04 
 9.34000000e-01  6.94494630e-04 
 9.35000000e-01  7.82736938e-04 
 9.36000000e-01  8.84206447e-04 
 9.37000000e-01  1.00117614e-03 
 9.38000000e-01  1.13635661e-03 
 9.39000000e-01  1.29298856e-03 
 9.40000000e-01  1.47495610e-03 
 9.41000000e-01  1.68692599e-03 
 9.42000000e-01  1.93451882e-03 
 9.43000000e-01  2.22451953e-03 
 9.44000000e-01  2.56513633e-03 
 9.45000000e-01  2.96631904e-03 
 9.46000000e-01  3.44014953e-03 
 9.47000000e-01  4.00131941e-03 
 9.48000000e-01  4.66771160e-03 
 9.49000000e-01  5.46110349e-03 
 9.50000000e-01  6.40800892e-03 
 9.51000000e-01  7.54067282e-03 
 9.52000000e-01  8.89822430e-03 
 9.53000000e-01  1.05279800e-02 
 9.54000000e-01  1.24868667e-02 
 9.55000000e-01  1.48429026e-02 
 9.56000000e-01  1.76766398e-02 
 9.57000000e-01  2.10824447e-02 
 9.58000000e-01  2.51694896e-02 
 9.59000000e-01  3.00623811e-02 
 9.60000000e-01  3.59014868e-02 
 9.61000000e-01  4.28432583e-02 
 9.62000000e-01  5.10611698e-02 
 9.63000000e-01  6.07482791e-02 
 9.64000000e-01  7.21228583e-02 
 9.65000000e-01  8.54391201e-02 
 9.66000000e-01  1.01006052e-01 
 9.67000000e-01  1.19219394e-01 
 9.68000000e-01  1.40616193e-01 
 9.69000000e-01  1.65970993e-01 
 9.70000000e-01  1.96473207e-01 
 9.71000000e-01  2.34057019e-01 
 9.72000000e-01  2.81889586e-01 
 9.73000000e-01  3.44613570e-01 
 9.74000000e-01  4.24072602e-01 
 9.75000000e-01  5.20841004e-01 
 9.76000000e-01  6.31297294e-01 
 9.77000000e-01  7.50761046e-01 
 9.78000000e-01  8.74598797e-01 
 9.79000000e-01  9.98771952e-01 
 9.80000000e-01  1.11995330e+00 
 9.81000000e-01  1.23544886e+00 
 9.82000000e-01  1.34310978e+00 
 9.83000000e-01  1.44127792e+00 
 9.84000000e-01  1.52875047e+00 
 9.85000000e-01  1.60462487e+00 
 9.86000000e-01  1.66762801e+00 
 9.87000000e-01  1.71548905e+00 
 9.88000000e-01  1.74830352e+00 
 9.89000000e-01  1.77087265e+00 
 9.90000000e-01  1.78796629e+00 
 9.91000000e-01  1.80170832e+00 
 9.92000000e-01  1.81308216e+00 
 9.93000000e-01  1.82272838e+00 
 9.94000000e-01  1.83106833e+00 
 9.95000000e-01  1.83838616e+00 
 9.96000000e-01  1.84488247e+00 
 9.97000000e-01  1.85070415e+00 
 9.98000000e-01  1.85596201e+00 
 9.99000000e-01  1.86074175e+00 
 1.00000000e+00  1.86511103e+00 
 1.00100000e+00  1.86912422e+00 
 1.00200000e+00  1.87282570e+00 
 1.00300000e+00  1.87625213e+00 
 1.00400000e+00  1.87943419e+00 
 1.00500000e+00  1.88239780e+00 
 1.00600000e+00  1.88516504e+00 
 1.00700000e+00  1.88775488e+00 
 1.00800000e+00  1.89018375e+00 
 1.00900000e+00  1.89246594e+00 
 1.01000000e+00  1.89461400e+00 
 1.01100000e+00  1.89663896e+00 
 1.01200000e+00  1.89855060e+00 
 1.01300000e+00  1.90035761e+00 
 1.01400000e+00  1.90206775e+00 
 1.01500000e+00  1.90368799e+00 
 1.01600000e+00  1.90522459e+00 
 1.01700000e+00  1.90668320e+00 
 1.01800000e+00  1.90806894e+00 
 1.01900000e+00  1.90938647e+00 
 1.02000000e+00  1.91064002e+00 
 1.02100000e+00  1.91183348e+00 
 1.02200000e+00  1.91297037e+00 
 1.02300000e+00  1.91405397e+00 
 1.02400000e+00  1.91508726e+00 
 1.02500000e+00  1.91607300e+00 
 1.02600000e+00  1.91701376e+00 
 1.02700000e+00  1.91791189e+00 
 1.02800000e+00  1.91876958e+00 
 1.02900000e+00  1.91958888e+00 
 1.03000000e+00  1.92037167e+00 
 1.03100000e+00  1.92111974e+00 
 1.03200000e+00  1.92183474e+00 
 1.03300000e+00  1.92251821e+00 
 1.03400000e+00  1.92317160e+00 
 1.03500000e+00  1.92379628e+00 
 1.03600000e+00  1.92439352e+00 
 1.03700000e+00  1.92496453e+00 
 1.03800000e+00  1.92551042e+00 
 1.03900000e+00  1.92603228e+00 
 1.04000000e+00  1.92653111e+00 
 1.04100000e+00  1.92700785e+00 
 1.04200000e+00  1.92746341e+00 
 1.04300000e+00  1.92789862e+00 
 1.04400000e+00  1.92831429e+00 
 1.04500000e+00  1.92871118e+00 
 1.04600000e+00  1.92909001e+00 
 1.04700000e+00  1.92945146e+00 
 1.04800000e+00  1.92979620e+00 
 1.04900000e+00  1.93012483e+00 
 1.05000000e+00  1.93043797e+00 
 1.05100000e+00  1.93073620e+00 
 1.05200000e+00  1.93102008e+00 
 1.05300000e+00  1.93129016e+00 
 1.05400000e+00  1.93154700e+00 
 1.05500000e+00  1.93179114e+00 
 1.05600000e+00  1.93202311e+00 
 1.05700000e+00  1.93224346e+00 
 1.05800000e+00  1.93245272e+00 
 1.05900000e+00  1.93265143e+00 
 1.06000000e+00  1.93284013e+00 
 1.06100000e+00  1.93301934e+00 
 1.06200000e+00  1.93318959e+00 
 1.06300000e+00  1.93335139e+00 
 1.06400000e+00  1.93350522e+00 
 1.06500000e+00  1.93365157e+00 
 1.06600000e+00  1.93379090e+00 
 1.06700000e+00  1.93392365e+00 
 1.06800000e+00  1.93405023e+00 
 1.06900000e+00  1.93417103e+00 
 1.07000000e+00  1.93428642e+00 
 1.07100000e+00  1.93439675e+00 
 1.07200000e+00  1.93450234e+00 
 1.07300000e+00  1.93460349e+00 
 1.07400000e+00  1.93470048e+00 
 1.07500000e+00  1.93479356e+00 
 1.07600000e+00  1.93488299e+00 
 1.07700000e+00  1.93496897e+00 
 1.07800000e+00  1.93505172e+00 
 1.07900000e+00  1.93513143e+00 
 1.08000000e+00  1.93520828e+00 
 1.08100000e+00  1.93528243e+00 
 1.08200000e+00  1.93535402e+00 
 1.08300000e+00  1.93542322e+00 
 1.08400000e+00  1.93549013e+00 
 1.08500000e+00  1.93555489e+00 
 1.08600000e+00  1.93561761e+00 
 1.08700000e+00  1.93567839e+00 
 1.08800000e+00  1.93573734e+00 
 1.08900000e+00  1.93579454e+00 
 1.09000000e+00  1.93585007e+00 
 1.09100000e+00  1.93590402e+00 
 1.09200000e+00  1.93595647e+00 
 1.09300000e+00  1.93600748e+00 
 1.09400000e+00  1.93605711e+00 
 1.09500000e+00  1.93610544e+00 
 1.09600000e+00  1.93615250e+00 
 1.09700000e+00  1.93619837e+00 
 1.09800000e+00  1.93624309e+00 
 1.09900000e+00  1.93628671e+00 
 1.10000000e+00  1.93632927e+00 
 1.10100000e+00  1.93637081e+00 
 1.10200000e+00  1.93641138e+00 
 1.10300000e+00  1.93645101e+00 
 1.10400000e+00  1.93648975e+00 
 1.10500000e+00  1.93652762e+00 
 1.10600000e+00  1.93656465e+00 
 1.10700000e+00  1.93660088e+00 
 1.10800000e+00  1.93663633e+00 
 1.10900000e+00  1.93667104e+00 
 1.11000000e+00  1.93670502e+00 
 1.11100000e+00  1.93673831e+00 
 1.11200000e+00  1.93677092e+00 
 1.11300000e+00  1.93680289e+00 
 1.11400000e+00  1.93683422e+00 
 1.11500000e+00  1.93686495e+00 
 1.11600000e+00  1.93689509e+00 
 1.11700000e+00  1.93692465e+00 
 1.11800000e+00  1.93695367e+00 
 1.11900000e+00  1.93698214e+00 
 1.12000000e+00  1.93701010e+00 
 1.12100000e+00  1.93703756e+00 
 1.12200000e+00  1.93706453e+00 
 1.12300000e+00  1.93709102e+00 
 1.12400000e+00  1.93711705e+00 
 1.12500000e+00  1.93714263e+00 
 1.12600000e+00  1.93716778e+00 
 1.12700000e+00  1.93719251e+00 
 1.12800000e+00  1.93721682e+00 
 1.12900000e+00  1.93724074e+00 
 1.13000000e+00  1.93726427e+00 
 1.13100000e+00  1.93728741e+00 
 1.13200000e+00  1.93731019e+00 
 1.13300000e+00  1.93733261e+00 
 1.13400000e+00  1.93735468e+00 
 1.13500000e+00  1.93737641e+00 
 1.13600000e+00  1.93739781e+00 
 1.13700000e+00  1.93741888e+00 
 1.13800000e+00  1.93743964e+00 
 1.13900000e+00  1.93746009e+00 
 1.14000000e+00  1.93748023e+00 
 1.14100000e+00  1.93750009e+00 
 1.14200000e+00  1.93751966e+00 
 1.14300000e+00  1.93753895e+00 
 1.14400000e+00  1.93755796e+00 
 1.14500000e+00  1.93757671e+00 
 1.14600000e+00  1.93759520e+00 
 1.14700000e+00  1.93761343e+00 
 1.14800000e+00  1.93763141e+00 
 1.14900000e+00  1.93764915e+00 
 1.15000000e+00  1.93766665e+00 
 1.15100000e+00  1.93768392e+00 
 1.15200000e+00  1.93770096e+00 
 1.15300000e+00  1.93771778e+00 
 1.15400000e+00  1.93773438e+00 
 1.15500000e+00  1.93775076e+00 
 1.15600000e+00  1.93776694e+00 
 1.15700000e+00  1.93778291e+00 
 1.15800000e+00  1.93779868e+00 
 1.15900000e+00  1.93781425e+00 
 1.16000000e+00  1.93782964e+00 
 1.16100000e+00  1.93784483e+00 
 1.16200000e+00  1.93785984e+00 
 1.16300000e+00  1.93787466e+00 
 1.16400000e+00  1.93788931e+00 
 1.16500000e+00  1.93790378e+00 
 1.16600000e+00  1.93791809e+00 
 1.16700000e+00  1.93793222e+00 
 1.16800000e+00  1.93794619e+00 
 1.16900000e+00  1.93796000e+00 
 1.17000000e+00  1.93797365e+00 
 1.17100000e+00  1.93798715e+00 
 1.17200000e+00  1.93800049e+00 
 1.17300000e+00  1.93801368e+00 
 1.17400000e+00  1.93802673e+00 
 1.17500000e+00  1.93803963e+00 
 1.17600000e+00  1.93805239e+00 
 1.17700000e+00  1.93806501e+00 
 1.17800000e+00  1.93807750e+00 
 1.17900000e+00  1.93808985e+00 
 1.18000000e+00  1.93810206e+00 
 1.18100000e+00  1.93811415e+00 
 1.18200000e+00  1.93812611e+00 
 1.18300000e+00  1.93813795e+00 
 1.18400000e+00  1.93814966e+00 
 1.18500000e+00  1.93816125e+00 
 1.18600000e+00  1.93817272e+00 
 1.18700000e+00  1.93818407e+00 
 1.18800000e+00  1.93819531e+00 
 1.18900000e+00  1.93820644e+00 
 1.19000000e+00  1.93821745e+00 
 1.19100000e+00  1.93822835e+00 
 1.19200000e+00  1.93823915e+00 
 1.19300000e+00  1.93824984e+00 
 1.19400000e+00  1.93826042e+00 
 1.19500000e+00  1.93827091e+00 
 1.19600000e+00  1.93828129e+00 
 1.19700000e+00  1.93829157e+00 
 1.19800000e+00  1.93830175e+00 
 1.19900000e+00  1.93831184e+00 
 1.20000000e+00  1.93832183e+00 
 1.20100000e+00  1.93833173e+00 
 1.20200000e+00  1.93834153e+00 
 1.20300000e+00  1.93835125e+00 
 1.20400000e+00  1.93836087e+00 
 1.20500000e+00  1.93837041e+00 
 1.20600000e+00  1.93837986e+00 
 1.20700000e+00  1.93838922e+00 
 1.20800000e+00  1.93839850e+00 
 1.20900000e+00  1.93840770e+00 
 1.21000000e+00  1.93841681e+00 
 1.21100000e+00  1.93842584e+00 
 1.21200000e+00  1.93843480e+00 
 1.21300000e+00  1.93844367e+00 
 1.21400000e+00  1.93845247e+00 
 1.21500000e+00  1.93846119e+00 
 1.21600000e+00  1.93846984e+00 
 1.21700000e+00  1.93847841e+00 
 1.21800000e+00  1.93848691e+00 
 1.21900000e+00  1.93849534e+00 
 1.22000000e+00  1.93850370e+00 
 1.22100000e+00  1.93851198e+00 
 1.22200000e+00  1.93852020e+00 
 1.22300000e+00  1.93852835e+00 
 1.22400000e+00  1.93853643e+00 
 1.22500000e+00  1.93854444e+00 
 1.22600000e+00  1.93855239e+00 
 1.22700000e+00  1.93856027e+00 
 1.22800000e+00  1.93856809e+00 
 1.22900000e+00  1.93857585e+00 
 1.23000000e+00  1.93858354e+00 
 1.23100000e+00  1.93859118e+00 
 1.23200000e+00  1.93859875e+00 
 1.23300000e+00  1.93860626e+00 
 1.23400000e+00  1.93861371e+00 
 1.23500000e+00  1.93862111e+00 
 1.23600000e+00  1.93862844e+00 
 1.23700000e+00  1.93863572e+00 
 1.23800000e+00  1.93864295e+00 
 1.23900000e+00  1.93865012e+00 
 1.24000000e+00  1.93865723e+00 
 1.24100000e+00  1.93866429e+00 
 1.24200000e+00  1.93867129e+00 
 1.24300000e+00  1.93867825e+00 
 1.24400000e+00  1.93868515e+00 
 1.24500000e+00  1.93869200e+00 
 1.24600000e+00  1.93869880e+00 
 1.24700000e+00  1.93870554e+00 
 1.24800000e+00  1.93871224e+00 
 1.24900000e+00  1.93871889e+00 
 1.25000000e+00  1.93872549e+00 
 1.25100000e+00  1.93873204e+00 
 1.25200000e+00  1.93873855e+00 
 1.25300000e+00  1.93874500e+00 
 1.25400000e+00  1.93875141e+00 
 1.25500000e+00  1.93875778e+00 
 1.25600000e+00  1.93876410e+00 
 1.25700000e+00  1.93877038e+00 
 1.25800000e+00  1.93877661e+00 
 1.25900000e+00  1.93878279e+00 
 1.26000000e+00  1.93878894e+00 
 1.26100000e+00  1.93879504e+00 
 1.26200000e+00  1.93880110e+00 
 1.26300000e+00  1.93880711e+00 
 1.26400000e+00  1.93881309e+00 
 1.26500000e+00  1.93881902e+00 
 1.26600000e+00  1.93882492e+00 
 1.26700000e+00  1.93883077e+00 
 1.26800000e+00  1.93883659e+00 
 1.26900000e+00  1.93884236e+00 
 1.27000000e+00  1.93884810e+00 
 1.27100000e+00  1.93885379e+00 
 1.27200000e+00  1.93885945e+00 
 1.27300000e+00  1.93886508e+00 
 1.27400000e+00  1.93887066e+00 
 1.27500000e+00  1.93887621e+00 
 1.27600000e+00  1.93888172e+00 
 1.27700000e+00  1.93888720e+00 
 1.27800000e+00  1.93889264e+00 
 1.27900000e+00  1.93889804e+00 
 1.28000000e+00  1.93890341e+00 
 1.28100000e+00  1.93890875e+00 
 1.28200000e+00  1.93891405e+00 
 1.28300000e+00  1.93891932e+00 
 1.28400000e+00  1.93892455e+00 
 1.28500000e+00  1.93892976e+00 
 1.28600000e+00  1.93893492e+00 
 1.28700000e+00  1.93894006e+00 
 1.28800000e+00  1.93894516e+00 
 1.28900000e+00  1.93895024e+00 
 1.29000000e+00  1.93895528e+00 
 1.29100000e+00  1.93896029e+00 
 1.29200000e+00  1.93896526e+00 
 1.29300000e+00  1.93897021e+00 
 1.29400000e+00  1.93897513e+00 
 1.29500000e+00  1.93898002e+00 
 1.29600000e+00  1.93898488e+00 
 1.29700000e+00  1.93898970e+00 
 1.29800000e+00  1.93899450e+00 
 1.29900000e+00  1.93899927e+00 
 1.30000000e+00  1.93900402e+00 
 1.30100000e+00  1.93900873e+00 
 1.30200000e+00  1.93901342e+00 
 1.30300000e+00  1.93901807e+00 
 1.30400000e+00  1.93902270e+00 
 1.30500000e+00  1.93902731e+00 
 1.30600000e+00  1.93903188e+00 
 1.30700000e+00  1.93903643e+00 
 1.30800000e+00  1.93904096e+00 
 1.30900000e+00  1.93904545e+00 
 1.31000000e+00  1.93904992e+00 
 1.31100000e+00  1.93905437e+00 
 1.31200000e+00  1.93905879e+00 
 1.31300000e+00  1.93906318e+00 
 1.31400000e+00  1.93906755e+00 
 1.31500000e+00  1.93907189e+00 
 1.31600000e+00  1.93907621e+00 
 1.31700000e+00  1.93908051e+00 
 1.31800000e+00  1.93908478e+00 
 1.31900000e+00  1.93908903e+00 
 1.32000000e+00  1.93909325e+00 
 1.32100000e+00  1.93909745e+00 
 1.32200000e+00  1.93910163e+00 
 1.32300000e+00  1.93910578e+00 
 1.32400000e+00  1.93910991e+00 
 1.32500000e+00  1.93911402e+00 
 1.32600000e+00  1.93911810e+00 
 1.32700000e+00  1.93912217e+00 
 1.32800000e+00  1.93912621e+00 
 1.32900000e+00  1.93913023e+00 
 1.33000000e+00  1.93913422e+00 
 1.33100000e+00  1.93913820e+00 
 1.33200000e+00  1.93914215e+00 
 1.33300000e+00  1.93914609e+00 
 1.33400000e+00  1.93915000e+00 
 1.33500000e+00  1.93915389e+00 
 1.33600000e+00  1.93915776e+00 
 1.33700000e+00  1.93916161e+00 
 1.33800000e+00  1.93916544e+00 
 1.33900000e+00  1.93916925e+00 
 1.34000000e+00  1.93917304e+00 
 1.34100000e+00  1.93917681e+00 
 1.34200000e+00  1.93918056e+00 
 1.34300000e+00  1.93918429e+00 
 1.34400000e+00  1.93918800e+00 
 1.34500000e+00  1.93919169e+00 
 1.34600000e+00  1.93919537e+00 
 1.34700000e+00  1.93919902e+00 
 1.34800000e+00  1.93920266e+00 
 1.34900000e+00  1.93920627e+00 
 1.35000000e+00  1.93920987e+00 
 1.35100000e+00  1.93921345e+00 
 1.35200000e+00  1.93921701e+00 
 1.35300000e+00  1.93922056e+00 
 1.35400000e+00  1.93922409e+00 
 1.35500000e+00  1.93922759e+00 
 1.35600000e+00  1.93923109e+00 
 1.35700000e+00  1.93923456e+00 
 1.35800000e+00  1.93923802e+00 
 1.35900000e+00  1.93924146e+00 
 1.36000000e+00  1.93924488e+00 
 1.36100000e+00  1.93924828e+00 
 1.36200000e+00  1.93925167e+00 
 1.36300000e+00  1.93925505e+00 
 1.36400000e+00  1.93925840e+00 
 1.36500000e+00  1.93926174e+00 
 1.36600000e+00  1.93926506e+00 
 1.36700000e+00  1.93926837e+00 
 1.36800000e+00  1.93927166e+00 
 1.36900000e+00  1.93927494e+00 
 1.37000000e+00  1.93927820e+00 
 1.37100000e+00  1.93928144e+00 
 1.37200000e+00  1.93928467e+00 
 1.37300000e+00  1.93928789e+00 
 1.37400000e+00  1.93929108e+00 
 1.37500000e+00  1.93929427e+00 
 1.37600000e+00  1.93929743e+00 
 1.37700000e+00  1.93930059e+00 
 1.37800000e+00  1.93930373e+00 
 1.37900000e+00  1.93930685e+00 
 1.38000000e+00  1.93930996e+00 
 1.38100000e+00  1.93931305e+00 
 1.38200000e+00  1.93931613e+00 
 1.38300000e+00  1.93931920e+00 
 1.38400000e+00  1.93932225e+00 
 1.38500000e+00  1.93932529e+00 
 1.38600000e+00  1.93932831e+00 
 1.38700000e+00  1.93933132e+00 
 1.38800000e+00  1.93933432e+00 
 1.38900000e+00  1.93933730e+00 
 1.39000000e+00  1.93934027e+00 
 1.39100000e+00  1.93934322e+00 
 1.39200000e+00  1.93934617e+00 
 1.39300000e+00  1.93934909e+00 
 1.39400000e+00  1.93935201e+00 
 1.39500000e+00  1.93935491e+00 
 1.39600000e+00  1.93935780e+00 
 1.39700000e+00  1.93936068e+00 
 1.39800000e+00  1.93936354e+00 
 1.39900000e+00  1.93936639e+00 
 1.40000000e+00  1.93936923e+00 
 1.40100000e+00  1.93937206e+00 
 1.40200000e+00  1.93937487e+00 
 1.40300000e+00  1.93937767e+00 
 1.40400000e+00  1.93938046e+00 
 1.40500000e+00  1.93938324e+00 
 1.40600000e+00  1.93938600e+00 
 1.40700000e+00  1.93938876e+00 
 1.40800000e+00  1.93939150e+00 
 1.40900000e+00  1.93939422e+00 
 1.41000000e+00  1.93939694e+00 
 1.41100000e+00  1.93939965e+00 
 1.41200000e+00  1.93940234e+00 
 1.41300000e+00  1.93940502e+00 
 1.41400000e+00  1.93940769e+00 
 1.41500000e+00  1.93941035e+00 
 1.41600000e+00  1.93941300e+00 
 1.41700000e+00  1.93941564e+00 
 1.41800000e+00  1.93941826e+00 
 1.41900000e+00  1.93942088e+00 
 1.42000000e+00  1.93942348e+00 
 1.42100000e+00  1.93942607e+00 
 1.42200000e+00  1.93942865e+00 
 1.42300000e+00  1.93943122e+00 
 1.42400000e+00  1.93943378e+00 
 1.42500000e+00  1.93943633e+00 
 1.42600000e+00  1.93943887e+00 
 1.42700000e+00  1.93944140e+00 
 1.42800000e+00  1.93944392e+00 
 1.42900000e+00  1.93944643e+00 
 1.43000000e+00  1.93944892e+00 
 1.43100000e+00  1.93945141e+00 
 1.43200000e+00  1.93945389e+00 
 1.43300000e+00  1.93945635e+00 
 1.43400000e+00  1.93945881e+00 
 1.43500000e+00  1.93946126e+00 
 1.43600000e+00  1.93946369e+00 
 1.43700000e+00  1.93946612e+00 
 1.43800000e+00  1.93946854e+00 
 1.43900000e+00  1.93947094e+00 
 1.44000000e+00  1.93947334e+00 
 1.44100000e+00  1.93947573e+00 
 1.44200000e+00  1.93947811e+00 
 1.44300000e+00  1.93948048e+00 
 1.44400000e+00  1.93948284e+00 
 1.44500000e+00  1.93948519e+00 
 1.44600000e+00  1.93948753e+00 
 1.44700000e+00  1.93948986e+00 
 1.44800000e+00  1.93949218e+00 
 1.44900000e+00  1.93949449e+00 
 1.45000000e+00  1.93949680e+00 
 1.45100000e+00  1.93949909e+00 
 1.45200000e+00  1.93950138e+00 
 1.45300000e+00  1.93950366e+00 
 1.45400000e+00  1.93950593e+00 
 1.45500000e+00  1.93950819e+00 
 1.45600000e+00  1.93951044e+00 
 1.45700000e+00  1.93951268e+00 
 1.45800000e+00  1.93951491e+00 
 1.45900000e+00  1.93951714e+00 
 1.46000000e+00  1.93951935e+00 
 1.46100000e+00  1.93952156e+00 
 1.46200000e+00  1.93952376e+00 
 1.46300000e+00  1.93952595e+00 
 1.46400000e+00  1.93952813e+00 
 1.46500000e+00  1.93953031e+00 
 1.46600000e+00  1.93953247e+00 
 1.46700000e+00  1.93953463e+00 
 1.46800000e+00  1.93953678e+00 
 1.46900000e+00  1.93953892e+00 
 1.47000000e+00  1.93954106e+00 
 1.47100000e+00  1.93954318e+00 
 1.47200000e+00  1.93954530e+00 
 1.47300000e+00  1.93954741e+00 
 1.47400000e+00  1.93954951e+00 
 1.47500000e+00  1.93955160e+00 
 1.47600000e+00  1.93955369e+00 
 1.47700000e+00  1.93955577e+00 
 1.47800000e+00  1.93955784e+00 
 1.47900000e+00  1.93955990e+00 
 1.48000000e+00  1.93956196e+00 
 1.48100000e+00  1.93956401e+00 
 1.48200000e+00  1.93956605e+00 
 1.48300000e+00  1.93956808e+00 
 1.48400000e+00  1.93957011e+00 
 1.48500000e+00  1.93957212e+00 
 1.48600000e+00  1.93957414e+00 
 1.48700000e+00  1.93957614e+00 
 1.48800000e+00  1.93957814e+00 
 1.48900000e+00  1.93958012e+00 
 1.49000000e+00  1.93958211e+00 
 1.49100000e+00  1.93958408e+00 
 1.49200000e+00  1.93958605e+00 
 1.49300000e+00  1.93958801e+00 
 1.49400000e+00  1.93958996e+00 
 1.49500000e+00  1.93959191e+00 
 1.49600000e+00  1.93959385e+00 
 1.49700000e+00  1.93959578e+00 
 1.49800000e+00  1.93959771e+00 
 1.49900000e+00  1.93959963e+00 
 1.50000000e+00  1.93960154e+00 
 1.50100000e+00  1.93960345e+00 
 1.50200000e+00  1.93960535e+00 
 1.50300000e+00  1.93960724e+00 
 1.50400000e+00  1.93960912e+00 
 1.50500000e+00  1.93961100e+00 
 1.50600000e+00  1.93961288e+00 
 1.50700000e+00  1.93961474e+00 
 1.50800000e+00  1.93961660e+00 
 1.50900000e+00  1.93961845e+00 
 1.51000000e+00  1.93962030e+00 
 1.51100000e+00  1.93962214e+00 
 1.51200000e+00  1.93962398e+00 
 1.51300000e+00  1.93962580e+00 
 1.51400000e+00  1.93962762e+00 
 1.51500000e+00  1.93962944e+00 
 1.51600000e+00  1.93963125e+00 
 1.51700000e+00  1.93963305e+00 
 1.51800000e+00  1.93963485e+00 
 1.51900000e+00  1.93963664e+00 
 1.52000000e+00  1.93963842e+00 
 1.52100000e+00  1.93964020e+00 
 1.52200000e+00  1.93964197e+00 
 1.52300000e+00  1.93964374e+00 
 1.52400000e+00  1.93964550e+00 
 1.52500000e+00  1.93964726e+00 
 1.52600000e+00  1.93964900e+00 
 1.52700000e+00  1.93965075e+00 
 1.52800000e+00  1.93965248e+00 
 1.52900000e+00  1.93965421e+00 
 1.53000000e+00  1.93965594e+00 
 1.53100000e+00  1.93965766e+00 
 1.53200000e+00  1.93965937e+00 
 1.53300000e+00  1.93966108e+00 
 1.53400000e+00  1.93966278e+00 
 1.53500000e+00  1.93966448e+00 
 1.53600000e+00  1.93966617e+00 
 1.53700000e+00  1.93966786e+00 
 1.53800000e+00  1.93966954e+00 
 1.53900000e+00  1.93967121e+00 
 1.54000000e+00  1.93967288e+00 
 1.54100000e+00  1.93967455e+00 
 1.54200000e+00  1.93967620e+00 
 1.54300000e+00  1.93967786e+00 
 1.54400000e+00  1.93967951e+00 
 1.54500000e+00  1.93968115e+00 
 1.54600000e+00  1.93968279e+00 
 1.54700000e+00  1.93968442e+00 
 1.54800000e+00  1.93968604e+00 
 1.54900000e+00  1.93968766e+00 
 1.55000000e+00  1.93968928e+00 
 1.55100000e+00  1.93969089e+00 
 1.55200000e+00  1.93969250e+00 
 1.55300000e+00  1.93969410e+00 
 1.55400000e+00  1.93969569e+00 
 1.55500000e+00  1.93969728e+00 
 1.55600000e+00  1.93969887e+00 
 1.55700000e+00  1.93970045e+00 
 1.55800000e+00  1.93970202e+00 
 1.55900000e+00  1.93970359e+00 
 1.56000000e+00  1.93970516e+00 
 1.56100000e+00  1.93970672e+00 
 1.56200000e+00  1.93970828e+00 
 1.56300000e+00  1.93970983e+00 
 1.56400000e+00  1.93971137e+00 
 1.56500000e+00  1.93971291e+00 
 1.56600000e+00  1.93971445e+00 
 1.56700000e+00  1.93971598e+00 
 1.56800000e+00  1.93971751e+00 
 1.56900000e+00  1.93971903e+00 
 1.57000000e+00  1.93972055e+00 
 1.57100000e+00  1.93972206e+00 
 1.57200000e+00  1.93972357e+00 
 1.57300000e+00  1.93972507e+00 
 1.57400000e+00  1.93972657e+00 
 1.57500000e+00  1.93972806e+00 
 1.57600000e+00  1.93972955e+00 
 1.57700000e+00  1.93973104e+00 
 1.57800000e+00  1.93973252e+00 
 1.57900000e+00  1.93973399e+00 
 1.58000000e+00  1.93973546e+00 
 1.58100000e+00  1.93973693e+00 
 1.58200000e+00  1.93973839e+00 
 1.58300000e+00  1.93973985e+00 
 1.58400000e+00  1.93974131e+00 
 1.58500000e+00  1.93974275e+00 
 1.58600000e+00  1.93974420e+00 
 1.58700000e+00  1.93974564e+00 
 1.58800000e+00  1.93974708e+00 
 1.58900000e+00  1.93974851e+00 
 1.59000000e+00  1.93974993e+00 
 1.59100000e+00  1.93975136e+00 
 1.59200000e+00  1.93975278e+00 
 1.59300000e+00  1.93975419e+00 
 1.59400000e+00  1.93975560e+00 
 1.59500000e+00  1.93975701e+00 
 1.59600000e+00  1.93975841e+00 
 1.59700000e+00  1.93975981e+00 
 1.59800000e+00  1.93976120e+00 
 1.59900000e+00  1.93976259e+00 
 1.60000000e+00  1.93976398e+00 
 1.60100000e+00  1.93976536e+00 
 1.60200000e+00  1.93976674e+00 
 1.60300000e+00  1.93976811e+00 
 1.60400000e+00  1.93976948e+00 
 1.60500000e+00  1.93977085e+00 
 1.60600000e+00  1.93977221e+00 
 1.60700000e+00  1.93977356e+00 
 1.60800000e+00  1.93977492e+00 
 1.60900000e+00  1.93977627e+00 
 1.61000000e+00  1.93977761e+00 
 1.61100000e+00  1.93977896e+00 
 1.61200000e+00  1.93978029e+00 
 1.61300000e+00  1.93978163e+00 
 1.61400000e+00  1.93978296e+00 
 1.61500000e+00  1.93978429e+00 
 1.61600000e+00  1.93978561e+00 
 1.61700000e+00  1.93978693e+00 
 1.61800000e+00  1.93978824e+00 
 1.61900000e+00  1.93978955e+00 
 1.62000000e+00  1.93979086e+00 
 1.62100000e+00  1.93979216e+00 
 1.62200000e+00  1.93979347e+00 
 1.62300000e+00  1.93979476e+00 
 1.62400000e+00  1.93979605e+00 
 1.62500000e+00  1.93979734e+00 
 1.62600000e+00  1.93979863e+00 
 1.62700000e+00  1.93979991e+00 
 1.62800000e+00  1.93980119e+00 
 1.62900000e+00  1.93980246e+00 
 1.63000000e+00  1.93980374e+00 
 1.63100000e+00  1.93980500e+00 
 1.63200000e+00  1.93980627e+00 
 1.63300000e+00  1.93980753e+00 
 1.63400000e+00  1.93980878e+00 
 1.63500000e+00  1.93981004e+00 
 1.63600000e+00  1.93981129e+00 
 1.63700000e+00  1.93981253e+00 
 1.63800000e+00  1.93981378e+00 
 1.63900000e+00  1.93981502e+00 
 1.64000000e+00  1.93981625e+00 
 1.64100000e+00  1.93981749e+00 
 1.64200000e+00  1.93981872e+00 
 1.64300000e+00  1.93981994e+00 
 1.64400000e+00  1.93982117e+00 
 1.64500000e+00  1.93982238e+00 
 1.64600000e+00  1.93982360e+00 
 1.64700000e+00  1.93982481e+00 
 1.64800000e+00  1.93982602e+00 
 1.64900000e+00  1.93982723e+00 
 1.65000000e+00  1.93982843e+00 
 1.65100000e+00  1.93982963e+00 
 1.65200000e+00  1.93983083e+00 
 1.65300000e+00  1.93983202e+00 
 1.65400000e+00  1.93983321e+00 
 1.65500000e+00  1.93983440e+00 
 1.65600000e+00  1.93983558e+00 
 1.65700000e+00  1.93983676e+00 
 1.65800000e+00  1.93983794e+00 
 1.65900000e+00  1.93983911e+00 
 1.66000000e+00  1.93984028e+00 
 1.66100000e+00  1.93984145e+00 
 1.66200000e+00  1.93984261e+00 
 1.66300000e+00  1.93984378e+00 
 1.66400000e+00  1.93984493e+00 
 1.66500000e+00  1.93984609e+00 
 1.66600000e+00  1.93984724e+00 
 1.66700000e+00  1.93984839e+00 
 1.66800000e+00  1.93984954e+00 
 1.66900000e+00  1.93985068e+00 
 1.67000000e+00  1.93985182e+00 
 1.67100000e+00  1.93985296e+00 
 1.67200000e+00  1.93985409e+00 
 1.67300000e+00  1.93985522e+00 
 1.67400000e+00  1.93985635e+00 
 1.67500000e+00  1.93985748e+00 
 1.67600000e+00  1.93985860e+00 
 1.67700000e+00  1.93985972e+00 
 1.67800000e+00  1.93986083e+00 
 1.67900000e+00  1.93986195e+00 
 1.68000000e+00  1.93986306e+00 
 1.68100000e+00  1.93986416e+00 
 1.68200000e+00  1.93986527e+00 
 1.68300000e+00  1.93986637e+00 
 1.68400000e+00  1.93986747e+00 
 1.68500000e+00  1.93986857e+00 
 1.68600000e+00  1.93986966e+00 
 1.68700000e+00  1.93987075e+00 
 1.68800000e+00  1.93987184e+00 
 1.68900000e+00  1.93987292e+00 
 1.69000000e+00  1.93987401e+00 
 1.69100000e+00  1.93987509e+00 
 1.69200000e+00  1.93987616e+00 
 1.69300000e+00  1.93987724e+00 
 1.69400000e+00  1.93987831e+00 
 1.69500000e+00  1.93987938e+00 
 1.69600000e+00  1.93988044e+00 
 1.69700000e+00  1.93988150e+00 
 1.69800000e+00  1.93988256e+00 
 1.69900000e+00  1.93988362e+00 
 1.70000000e+00  1.93988468e+00 
 1.70100000e+00  1.93988573e+00 
 1.70200000e+00  1.93988678e+00 
 1.70300000e+00  1.93988783e+00 
 1.70400000e+00  1.93988887e+00 
 1.70500000e+00  1.93988991e+00 
 1.70600000e+00  1.93989095e+00 
 1.70700000e+00  1.93989199e+00 
 1.70800000e+00  1.93989302e+00 
 1.70900000e+00  1.93989405e+00 
 1.71000000e+00  1.93989508e+00 
 1.71100000e+00  1.93989611e+00 
 1.71200000e+00  1.93989713e+00 
 1.71300000e+00  1.93989815e+00 
 1.71400000e+00  1.93989917e+00 
 1.71500000e+00  1.93990019e+00 
 1.71600000e+00  1.93990120e+00 
 1.71700000e+00  1.93990221e+00 
 1.71800000e+00  1.93990322e+00 
 1.71900000e+00  1.93990423e+00 
 1.72000000e+00  1.93990523e+00 
 1.72100000e+00  1.93990623e+00 
 1.72200000e+00  1.93990723e+00 
 1.72300000e+00  1.93990823e+00 
 1.72400000e+00  1.93990922e+00 
 1.72500000e+00  1.93991021e+00 
 1.72600000e+00  1.93991120e+00 
 1.72700000e+00  1.93991219e+00 
 1.72800000e+00  1.93991317e+00 
 1.72900000e+00  1.93991416e+00 
 1.73000000e+00  1.93991514e+00 
 1.73100000e+00  1.93991611e+00 
 1.73200000e+00  1.93991709e+00 
 1.73300000e+00  1.93991806e+00 
 1.73400000e+00  1.93991903e+00 
 1.73500000e+00  1.93992000e+00 
 1.73600000e+00  1.93992096e+00 
 1.73700000e+00  1.93992193e+00 
 1.73800000e+00  1.93992289e+00 
 1.73900000e+00  1.93992384e+00 
 1.74000000e+00  1.93992480e+00 
 1.74100000e+00  1.93992575e+00 
 1.74200000e+00  1.93992671e+00 
 1.74300000e+00  1.93992766e+00 
 1.74400000e+00  1.93992860e+00 
 1.74500000e+00  1.93992955e+00 
 1.74600000e+00  1.93993049e+00 
 1.74700000e+00  1.93993143e+00 
 1.74800000e+00  1.93993237e+00 
 1.74900000e+00  1.93993330e+00 
 1.75000000e+00  1.93993424e+00 
 1.75100000e+00  1.93993517e+00 
 1.75200000e+00  1.93993610e+00 
 1.75300000e+00  1.93993703e+00 
 1.75400000e+00  1.93993795e+00 
 1.75500000e+00  1.93993887e+00 
 1.75600000e+00  1.93993979e+00 
 1.75700000e+00  1.93994071e+00 
 1.75800000e+00  1.93994163e+00 
 1.75900000e+00  1.93994254e+00 
 1.76000000e+00  1.93994346e+00 
 1.76100000e+00  1.93994437e+00 
 1.76200000e+00  1.93994527e+00 
 1.76300000e+00  1.93994618e+00 
 1.76400000e+00  1.93994708e+00 
 1.76500000e+00  1.93994798e+00 
 1.76600000e+00  1.93994888e+00 
 1.76700000e+00  1.93994978e+00 
 1.76800000e+00  1.93995068e+00 
 1.76900000e+00  1.93995157e+00 
 1.77000000e+00  1.93995246e+00 
 1.77100000e+00  1.93995335e+00 
 1.77200000e+00  1.93995424e+00 
 1.77300000e+00  1.93995512e+00 
 1.77400000e+00  1.93995600e+00 
 1.77500000e+00  1.93995689e+00 
 1.77600000e+00  1.93995776e+00 
 1.77700000e+00  1.93995864e+00 
 1.77800000e+00  1.93995952e+00 
 1.77900000e+00  1.93996039e+00 
 1.78000000e+00  1.93996126e+00 
 1.78100000e+00  1.93996213e+00 
 1.78200000e+00  1.93996300e+00 
 1.78300000e+00  1.93996386e+00 
 1.78400000e+00  1.93996472e+00 
 1.78500000e+00  1.93996559e+00 
 1.78600000e+00  1.93996644e+00 
 1.78700000e+00  1.93996730e+00 
 1.78800000e+00  1.93996816e+00 
 1.78900000e+00  1.93996901e+00 
 1.79000000e+00  1.93996986e+00 
 1.79100000e+00  1.93997071e+00 
 1.79200000e+00  1.93997156e+00 
 1.79300000e+00  1.93997241e+00 
 1.79400000e+00  1.93997325e+00 
 1.79500000e+00  1.93997409e+00 
 1.79600000e+00  1.93997493e+00 
 1.79700000e+00  1.93997577e+00 
 1.79800000e+00  1.93997661e+00 
 1.79900000e+00  1.93997744e+00 
 1.80000000e+00  1.93997827e+00 
 1.80100000e+00  1.93997910e+00 
 1.80200000e+00  1.93997993e+00 
 1.80300000e+00  1.93998076e+00 
 1.80400000e+00  1.93998159e+00 
 1.80500000e+00  1.93998241e+00 
 1.80600000e+00  1.93998323e+00 
 1.80700000e+00  1.93998405e+00 
 1.80800000e+00  1.93998487e+00 
 1.80900000e+00  1.93998569e+00 
 1.81000000e+00  1.93998650e+00 
 1.81100000e+00  1.93998731e+00 
 1.81200000e+00  1.93998812e+00 
 1.81300000e+00  1.93998893e+00 
 1.81400000e+00  1.93998974e+00 
 1.81500000e+00  1.93999055e+00 
 1.81600000e+00  1.93999135e+00 
 1.81700000e+00  1.93999215e+00 
 1.81800000e+00  1.93999295e+00 
 1.81900000e+00  1.93999375e+00 
 1.82000000e+00  1.93999455e+00 
 1.82100000e+00  1.93999535e+00 
 1.82200000e+00  1.93999614e+00 
 1.82300000e+00  1.93999693e+00 
 1.82400000e+00  1.93999772e+00 
 1.82500000e+00  1.93999851e+00 
 1.82600000e+00  1.93999930e+00 
 1.82700000e+00  1.94000008e+00 
 1.82800000e+00  1.94000087e+00 
 1.82900000e+00  1.94000165e+00 
 1.83000000e+00  1.94000243e+00 
 1.83100000e+00  1.94000321e+00 
 1.83200000e+00  1.94000398e+00 
 1.83300000e+00  1.94000476e+00 
 1.83400000e+00  1.94000553e+00 
 1.83500000e+00  1.94000630e+00 
 1.83600000e+00  1.94000707e+00 
 1.83700000e+00  1.94000784e+00 
 1.83800000e+00  1.94000861e+00 
 1.83900000e+00  1.94000937e+00 
 1.84000000e+00  1.94001014e+00 
 1.84100000e+00  1.94001090e+00 
 1.84200000e+00  1.94001166e+00 
 1.84300000e+00  1.94001242e+00 
 1.84400000e+00  1.94001318e+00 
 1.84500000e+00  1.94001393e+00 
 1.84600000e+00  1.94001469e+00 
 1.84700000e+00  1.94001544e+00 
 1.84800000e+00  1.94001619e+00 
 1.84900000e+00  1.94001694e+00 
 1.85000000e+00  1.94001769e+00 
 1.85100000e+00  1.94001843e+00 
 1.85200000e+00  1.94001918e+00 
 1.85300000e+00  1.94001992e+00 
 1.85400000e+00  1.94002066e+00 
 1.85500000e+00  1.94002140e+00 
 1.85600000e+00  1.94002214e+00 
 1.85700000e+00  1.94002288e+00 
 1.85800000e+00  1.94002361e+00 
 1.85900000e+00  1.94002435e+00 
 1.86000000e+00  1.94002508e+00 
 1.86100000e+00  1.94002581e+00 
 1.86200000e+00  1.94002654e+00 
 1.86300000e+00  1.94002727e+00 
 1.86400000e+00  1.94002799e+00 
 1.86500000e+00  1.94002872e+00 
 1.86600000e+00  1.94002944e+00 
 1.86700000e+00  1.94003017e+00 
 1.86800000e+00  1.94003089e+00 
 1.86900000e+00  1.94003160e+00 
 1.87000000e+00  1.94003232e+00 
 1.87100000e+00  1.94003304e+00 
 1.87200000e+00  1.94003375e+00 
 1.87300000e+00  1.94003447e+00 
 1.87400000e+00  1.94003518e+00 
 1.87500000e+00  1.94003589e+00 
 1.87600000e+00  1.94003660e+00 
 1.87700000e+00  1.94003730e+00 
 1.87800000e+00  1.94003801e+00 
 1.87900000e+00  1.94003872e+00 
 1.88000000e+00  1.94003942e+00 
 1.88100000e+00  1.94004012e+00 
 1.88200000e+00  1.94004082e+00 
 1.88300000e+00  1.94004152e+00 
 1.88400000e+00  1.94004222e+00 
 1.88500000e+00  1.94004291e+00 
 1.88600000e+00  1.94004361e+00 
 1.88700000e+00  1.94004430e+00 
 1.88800000e+00  1.94004499e+00 
 1.88900000e+00  1.94004568e+00 
 1.89000000e+00  1.94004637e+00 
 1.89100000e+00  1.94004706e+00 
 1.89200000e+00  1.94004775e+00 
 1.89300000e+00  1.94004843e+00 
 1.89400000e+00  1.94004912e+00 
 1.89500000e+00  1.94004980e+00 
 1.89600000e+00  1.94005048e+00 
 1.89700000e+00  1.94005116e+00 
 1.89800000e+00  1.94005184e+00 
 1.89900000e+00  1.94005251e+00 
 1.90000000e+00  1.94005319e+00 
 1.90100000e+00  1.94005386e+00 
 1.90200000e+00  1.94005454e+00 
 1.90300000e+00  1.94005521e+00 
 1.90400000e+00  1.94005588e+00 
 1.90500000e+00  1.94005655e+00 
 1.90600000e+00  1.94005722e+00 
 1.90700000e+00  1.94005788e+00 
 1.90800000e+00  1.94005855e+00 
 1.90900000e+00  1.94005921e+00 
 1.91000000e+00  1.94005987e+00 
 1.91100000e+00  1.94006053e+00 
 1.91200000e+00  1.94006119e+00 
 1.91300000e+00  1.94006185e+00 
 1.91400000e+00  1.94006251e+00 
 1.91500000e+00  1.94006317e+00 
 1.91600000e+00  1.94006382e+00 
 1.91700000e+00  1.94006447e+00 
 1.91800000e+00  1.94006513e+00 
 1.91900000e+00  1.94006578e+00 
 1.92000000e+00  1.94006643e+00 
 1.92100000e+00  1.94006708e+00 
 1.92200000e+00  1.94006772e+00 
 1.92300000e+00  1.94006837e+00 
 1.92400000e+00  1.94006901e+00 
 1.92500000e+00  1.94006966e+00 
 1.92600000e+00  1.94007030e+00 
 1.92700000e+00  1.94007094e+00 
 1.92800000e+00  1.94007158e+00 
 1.92900000e+00  1.94007222e+00 
 1.93000000e+00  1.94007286e+00 
 1.93100000e+00  1.94007349e+00 
 1.93200000e+00  1.94007413e+00 
 1.93300000e+00  1.94007476e+00 
 1.93400000e+00  1.94007539e+00 
 1.93500000e+00  1.94007602e+00 
 1.93600000e+00  1.94007665e+00 
 1.93700000e+00  1.94007728e+00 
 1.93800000e+00  1.94007791e+00 
 1.93900000e+00  1.94007854e+00 
 1.94000000e+00  1.94007916e+00 
 1.94100000e+00  1.94007979e+00 
 1.94200000e+00  1.94008041e+00 
 1.94300000e+00  1.94008103e+00 
 1.94400000e+00  1.94008165e+00 
 1.94500000e+00  1.94008227e+00 
 1.94600000e+00  1.94008289e+00 
 1.94700000e+00  1.94008351e+00 
 1.94800000e+00  1.94008412e+00 
 1.94900000e+00  1.94008474e+00 
 1.95000000e+00  1.94008535e+00 
 1.95100000e+00  1.94008596e+00 
 1.95200000e+00  1.94008658e+00 
 1.95300000e+00  1.94008719e+00 
 1.95400000e+00  1.94008780e+00 
 1.95500000e+00  1.94008840e+00 
 1.95600000e+00  1.94008901e+00 
 1.95700000e+00  1.94008962e+00 
 1.95800000e+00  1.94009022e+00 
 1.95900000e+00  1.94009082e+00 
 1.96000000e+00  1.94009143e+00 
 1.96100000e+00  1.94009203e+00 
 1.96200000e+00  1.94009263e+00 
 1.96300000e+00  1.94009323e+00 
 1.96400000e+00  1.94009382e+00 
 1.96500000e+00  1.94009442e+00 
 1.96600000e+00  1.94009502e+00 
 1.96700000e+00  1.94009561e+00 
 1.96800000e+00  1.94009621e+00 
 1.96900000e+00  1.94009680e+00 
 1.97000000e+00  1.94009739e+00 
 1.97100000e+00  1.94009798e+00 
 1.97200000e+00  1.94009857e+00 
 1.97300000e+00  1.94009916e+00 
 1.97400000e+00  1.94009974e+00 
 1.97500000e+00  1.94010033e+00 
 1.97600000e+00  1.94010091e+00 
 1.97700000e+00  1.94010150e+00 
 1.97800000e+00  1.94010208e+00 
 1.97900000e+00  1.94010266e+00 
 1.98000000e+00  1.94010324e+00 
 1.98100000e+00  1.94010382e+00 
 1.98200000e+00  1.94010440e+00 
 1.98300000e+00  1.94010498e+00 
 1.98400000e+00  1.94010556e+00 
 1.98500000e+00  1.94010613e+00 
 1.98600000e+00  1.94010670e+00 
 1.98700000e+00  1.94010728e+00 
 1.98800000e+00  1.94010785e+00 
 1.98900000e+00  1.94010842e+00 
 1.99000000e+00  1.94010899e+00 
 1.99100000e+00  1.94010956e+00 
 1.99200000e+00  1.94011013e+00 
 1.99300000e+00  1.94011070e+00 
 1.99400000e+00  1.94011126e+00 
 1.99500000e+00  1.94011183e+00 
 1.99600000e+00  1.94011239e+00 
 1.99700000e+00  1.94011295e+00 
 1.99800000e+00  1.94011352e+00 
 1.99900000e+00  1.94011408e+00 
 2.00000000e+00  1.94011464e+00 
